22.4718
27.1879
28.9476
29.8101
30.2708
30.5367
30.7009
30.8074
30.8787
30.9273
30.961
30.9846
31.0013
31.0133
31.0219
31.0283
31.0329
31.0365
31.0391
31.0412
31.0428
31.0441
31.0451
31.0459
31.0466
31.0471
31.0475
31.0479
31.0482
31.0484
31.0486
31.0488
31.049
31.0491
31.0492
31.0493
31.0493
31.0494
31.0495
31.0495
31.0495
31.0496
31.0496
31.0496
31.0496
31.0496
31.0497
31.0497
31.0497
31.0497
31.0497
31.0497
31.0497
31.0497
31.0497
31.0497
31.0497
31.0497
31.0497
31.0497
31.0497
31.0497
31.0497
31.0497
31.0497
31.0497
31.0497
31.0497
31.0497
31.0497
31.0497
31.0497
31.0497
31.0497
31.0497
31.0497
31.0497
31.0497
31.0497
31.0497
31.0497
31.0497
31.0497
31.0497
31.0497
31.0497
31.0497
31.0497
31.0497
31.0497
31.0497
31.0497
31.0497
31.0497
31.0497
31.0497
31.0497
31.0497
31.0497
31.0497
31.0497
31.0497
31.0497
31.0497
31.0497
31.0497
31.0497
31.0497
31.0497
31.0497
31.0497
31.0497
31.0497
31.0497
31.0497
31.0497
31.0497
31.0497
31.0497
31.0497
31.0497
31.0497
31.0497
31.0497
31.0497
31.0497
31.0497
31.0497
31.0497
31.0497
31.0497
31.0497
31.0497
31.0497
31.0497
31.0497
31.0497
31.0497
31.0497
31.0497
31.0497
31.0497
31.0497
31.0497
31.0497
31.0497
31.0497
31.0497
31.0497
31.0497
31.0497
31.0497
31.0497
31.0497
31.0497
31.0497
31.0497
31.0497
31.0497
31.0497
31.0497
31.0497
31.0497
31.0497
31.0497
31.0497
31.0497
31.0497
31.0497
31.0497
31.0497
31.0497
31.0497
31.0497
31.0497
31.0497
31.0497
31.0497
31.0497
31.0497
31.0497
31.0497
31.0497
31.0497
31.0497
31.0497
31.0497
31.0497
31.0497
31.0497
31.0497
31.0497
31.0497
31.0497
31.0497
31.0497
31.0497
31.0497
31.0497
31.0497
31.0497
31.0497
31.0497
31.0497
31.0497
31.0497
31.0497
31.0497
31.0497
31.0497
31.0497
31.0497
31.0497
31.0497
31.0497
31.0497
31.0497
31.0497
31.0497
31.0497
31.0497
31.0497
31.0497
31.0497
31.0497
31.0497
31.0497
31.0497
31.0497
31.0497
31.0497
31.0497
31.0497
31.0497
31.0497
31.0497
31.0497
31.0497
31.0497
31.0497
31.0497
31.0497
31.0497
31.0497
31.0497
31.0497
31.0497
31.0497
31.0497
31.0497
31.0497
31.0497
31.0497
31.0497
31.0497
31.0497
31.0497
31.0497
31.0497
31.0497
31.0497
31.0497
31.0497
31.0497
31.0497
31.0497
31.0497
31.0497
31.0497
31.0497
31.0497
31.0497
31.0497
31.0497
31.0497
31.0497
31.0497
31.0497
31.0497
31.0497
31.0497
31.0497
31.0497
31.0497
31.0497
31.0497
31.0497
31.0497
31.0497
31.0497
31.0497
31.0497
31.0497
31.0497
31.0497
31.0497
31.0497
31.0497
31.0497
31.0497
31.0497
31.0497
31.0497
31.0497
31.0497
31.0497
31.0497
31.0497
31.0497
31.0497
31.0497
31.0497
31.0497
31.0497
31.0497
31.0497
31.0497
31.0497
31.0497
31.0497
31.0497
31.0497
31.0497
31.0497
31.0497
31.0497
31.0497
31.0497
31.0497
31.0497
31.0497
31.0497
31.0497
31.0497
31.0497
31.0497
31.0497
31.0497
31.0497
31.0497
31.0497
31.0497
31.0497
31.0497
31.0497
31.0497
31.0497
31.0497
31.0497
31.0497
31.0497
31.0497
31.0497
31.0497
31.0497
31.0497
31.0497
31.0497
31.0497
31.0497
31.0497
31.0497
31.0497
31.0497
31.0497
31.0497
31.0497
31.0497
31.0497
31.0497
31.0497
31.0497
31.0497
31.0497
31.0497
31.0497
31.0497
31.0497
31.0497
31.0497
31.0497
31.0497
31.0497
31.0497
31.0497
31.0497
31.0497
31.0497
31.0497
31.0497
31.0497
31.0497
31.0497
31.0497
31.0497
31.0497
31.0497
31.0497
31.0497
31.0497
31.0497
31.0497
31.0497
31.0497
31.0497
31.0497
31.0497
31.0497
31.0497
31.0497
31.0497
31.0497
31.0497
31.0497
31.0497
31.0497
31.0497
31.0497
31.0497
31.0497
31.0497
31.0497
31.0497
31.0497
31.0497
31.0497
31.0497
31.0497
31.0497
31.0497
31.0497
31.0497
31.0497
31.0497
31.0497
31.0497
31.0497
31.0497
31.0497
31.0497
31.0497
31.0497
31.0497
31.0497
31.0497
31.0497
31.0497
31.0497
31.0497
31.0497
31.0497
31.0497
31.0497
31.0497
31.0497
31.0497
31.0497
31.0497
31.0497
31.0497
31.0497
31.0497
31.0497
31.0497
31.0497
31.0497
31.0497
31.0497
31.0497
31.0497
31.0497
31.0497
31.0497
31.0497
31.0497
31.0497
31.0497
31.0497
31.0497
31.0497
31.0497
31.0497
31.0497
31.0497
31.0497
31.0497
31.0497
31.0497
31.0497
31.0497
31.0497
31.0497
31.0497
31.0497
31.0497
31.0497
31.0497
31.0497
31.0497
31.0497
31.0497
31.0497
31.0497
31.0497
31.0497
31.0497
31.0497
31.0497
31.0497
31.0497
31.0497
31.0497
31.0497
31.0497
31.0497
31.0497
31.0497
31.0497
31.0497
31.0497
31.0497
31.0497
31.0497
31.0497
31.0497
31.0497
31.0497
31.0497
31.0497
31.0497
31.0497
31.0497
31.0497
31.0497
31.0497
31.0497
31.0497
31.0497
31.0497
31.0497
31.0497
31.0497
31.0497
31.0497
31.0497
31.0497
31.0497
31.0497
31.0497
31.0497
31.0497
31.0497
31.0497
31.0497
31.0497
31.0497
31.0497
31.0497
31.0497
31.0497
31.0497
31.0497
31.0497
31.0497
31.0497
31.0497
31.0497
31.0497
31.0497
31.0497
31.0497
31.0497
31.0497
31.0497
31.0497
31.0497
31.0497
31.0497
31.0497
31.0497
31.0497
31.0497
31.0497
31.0497
31.0497
31.0497
31.0497
31.0497
31.0497
31.0497
31.0497
31.0497
31.0497
31.0497
31.0497
31.0497
31.0497
31.0497
31.0497
31.0497
31.0497
31.0497
31.0497
31.0497
31.0497
31.0497
31.0497
31.0497
31.0497
31.0497
31.0497
31.0497
31.0497
31.0497
31.0497
31.0497
31.0497
31.0497
31.0497
31.0497
31.0497
31.0497
31.0497
31.0497
31.0497
31.0497
31.0497
31.0497
31.0497
31.0497
31.0497
31.0497
31.0497
31.0497
31.0497
31.0497
31.0497
31.0497
31.0497
31.0497
31.0497
31.0497
31.0497
31.0497
31.0497
31.0497
31.0497
31.0497
31.0497
31.0497
31.0497
31.0497
31.0497
31.0497
31.0497
31.0497
31.0497
31.0497
31.0497
31.0497
31.0497
31.0497
31.0497
31.0497
31.0497
31.0497
31.0497
31.0497
31.0497
31.0497
31.0497
31.0497
31.0497
31.0497
31.0497
31.0497
31.0497
31.0497
31.0497
31.0497
31.0497
31.0497
31.0497
31.0497
31.0497
31.0497
31.0497
31.0497
31.0497
31.0497
31.0497
31.0497
31.0497
31.0497
31.0497
31.0497
31.0497
31.0497
31.0497
31.0497
31.0497
31.0497
31.0497
31.0497
31.0497
31.0497
31.0497
31.0497
31.0497
31.0497
31.0497
31.0497
31.0497
31.0497
31.0497
31.0497
31.0497
31.0497
31.0497
31.0497
31.0497
31.0497
31.0497
31.0497
31.0497
31.0497
31.0497
31.0497
31.0497
31.0497
31.0497
31.0497
31.0497
31.0497
31.0497
31.0497
31.0497
31.0497
31.0497
31.0497
31.0497
31.0497
31.0497
31.0497
31.0497
31.0497
31.0497
31.0497
31.0497
31.0497
31.0497
31.0497
31.0497
31.0497
31.0497
31.0497
31.0497
31.0497
31.0497
31.0497
31.0497
31.0497
31.0497
31.0497
31.0497
31.0497
31.0497
31.0497
31.0497
31.0497
31.0497
31.0497
31.0497
31.0497
31.0497
31.0497
31.0497
31.0497
31.0497
31.0497
31.0497
31.0497
31.0497
31.0497
31.0497
31.0497
31.0497
31.0497
31.0497
31.0497
31.0497
31.0497
31.0497
31.0497
31.0497
31.0497
31.0497
31.0497
31.0497
31.0497
31.0497
31.0497
31.0497
31.0497
31.0497
31.0497
31.0497
31.0497
31.0497
31.0497
31.0497
31.0497
31.0497
31.0497
31.0497
31.0497
31.0497
31.0497
31.0497
31.0497
31.0497
31.0497
31.0497
31.0497
31.0497
31.0497
31.0497
31.0497
31.0497
31.0497
31.0497
31.0497
31.0497
31.0497
31.0497
31.0497
31.0497
31.0497
31.0497
31.0497
31.0497
31.0497
31.0497
31.0497
31.0497
31.0497
31.0497
31.0497
31.0497
31.0497
31.0497
31.0497
31.0497
31.0497
31.0497
31.0497
31.0497
31.0497
31.0497
31.0497
31.0497
31.0497
31.0497
31.0497
31.0497
31.0497
31.0497
31.0497
31.0497
31.0497
31.0497
31.0497
31.0497
31.0497
31.0497
31.0497
31.0497
31.0497
31.0497
31.0497
31.0497
31.0497
31.0497
31.0497
31.0497
31.0497
31.0497
31.0497
31.0497
31.0497
31.0497
31.0497
31.0497
31.0497
31.0497
31.0497
31.0497
31.0497
31.0497
31.0497
31.0497
31.0497
31.0497
31.0497
31.0497
31.0497
31.0497
31.0497
31.0497
31.0497
31.0497
31.0497
31.0497
31.0497
31.0497
31.0497
31.0497
31.0497
31.0497
31.0497
31.0497
31.0497
31.0497
31.0497
31.0497
31.0497
31.0497
31.0497
31.0497
31.0497
31.0497
31.0497
31.0497
31.0497
31.0497
31.0497
31.0497
31.0497
31.0497
31.0497
31.0497
31.0497
31.0497
31.0497
31.0497
31.0497
31.0497
31.0497
31.0497
31.0497
31.0497
31.0497
31.0497
31.0497
31.0497
31.0497
31.0497
31.0497
31.0497
31.0497
31.0497
31.0497
31.0497
31.0497
31.0497
31.0497
31.0497
31.0497
31.0497
31.0497
31.0497
31.0497
31.0497
31.0497
31.0497
31.0497
31.0497
31.0497
31.0497
31.0497
31.0497
31.0497
31.0497
31.0497
31.0497
31.0497
31.0497
31.0497
31.0497
31.0497
31.0497
31.0497
31.0497
31.0497
31.0497
31.0497
31.0497
31.0497
31.0497
31.0497
31.0497
31.0497
31.0497
31.0497
31.0497
31.0497
31.0497
31.0497
31.0497
31.0497
31.0497
31.0497
31.0497
31.0497
31.0497
31.0497
31.0497
31.0497
31.0497
31.0497
31.0497
31.0497
31.0497
31.0497
31.0497
31.0497
31.0497
31.0497
31.0497
31.0497
31.0497
31.0497
31.0497
31.0497
31.0497
31.0497
31.0497
31.0497
31.0497
31.0497
31.0497
31.0497
31.0497
31.0497
31.0497
31.0497
31.0497
31.0497
31.0497
31.0497
31.0497
31.0497
31.0497
31.0497
31.0497
31.0497
31.0497
31.0497
31.0497
31.0497
31.0497
31.0497
31.0497
31.0497
31.0497
31.0497
31.0497
31.0497
31.0497
31.0497
31.0497
31.0497
31.0497
31.0497
31.0497
31.0497
31.0497
31.0497
31.0497
31.0497
31.0497
31.0497
31.0497
31.0497
31.0497
31.0497
31.0497
31.0497
31.0497
31.0497
31.0497
31.0497
31.0497
31.0497
31.0497
31.0497
31.0497
31.0497
31.0497
31.0497
31.0497
31.0497
31.0497
31.0497
31.0497
31.0497
31.0497
31.0497
31.0497
31.0497
31.0497
31.0497
31.0497
31.0497
31.0497
31.0497
31.0497
31.0497
31.0497
31.0497
31.0497
31.0497
31.0497
31.0497
31.0497
31.0497
31.0497
31.0497
31.0497
31.0497
31.0497
31.0497
31.0497
31.0497
31.0497
31.0497
31.0497
31.0497
31.0497
31.0497
31.0497
31.0497
31.0497
31.0497
31.0497
31.0497
31.0497
31.0497
31.0497
31.0497
31.0497
31.0497
31.0497
31.0497
31.0497
31.0497
31.0497
31.0497
31.0497
31.0497
31.0497
31.0497
31.0497
31.0497
31.0497
31.0497
31.0497
31.0497
31.0497
31.0497
31.0497
31.0497
31.0497
31.0497
31.0497
31.0497
31.0497
31.0497
31.0497
31.0497
31.0497
31.0497
31.0497
31.0497
31.0497
31.0497
31.0497
31.0497
31.0497
31.0497
31.0497
31.0497
31.0497
31.0497
31.0497
31.0497
31.0497
31.0497
31.0497
31.0497
31.0497
31.0497
31.0497
31.0497
31.0497
31.0497
31.0497
31.0497
31.0497
31.0497
31.0497
31.0497
31.0497
31.0497
31.0497
31.0497
31.0497
31.0497
31.0497
31.0497
31.0497
31.0497
31.0497
31.0497
31.0497
31.0497
31.0497
31.0497
31.0497
31.0497
31.0497
31.0497
31.0497
31.0497
31.0497
31.0497
31.0497
31.0497
31.0497
31.0497
31.0497
31.0497
31.0497
31.0497
31.0497
31.0497
31.0497
31.0497
31.0497
31.0497
31.0497
31.0497
31.0497
31.0497
31.0497
31.0497
31.0497
31.0497
31.0497
31.0497
31.0497
31.0497
31.0497
31.0497
31.0497
31.0497
31.0497
31.0497
31.0497
31.0497
31.0497
31.0497
31.0497
31.0497
31.0497
31.0497
31.0497
31.0497
31.0497
31.0497
31.0497
31.0497
31.0497
31.0497
31.0497
31.0497
31.0497
31.0497
31.0497
31.0497
31.0497
31.0497
31.0497
31.0497
31.0497
31.0497
31.0497
31.0497
31.0497
31.0497
31.0497
31.0497
31.0497
31.0497
31.0497
31.0497
31.0497
31.0497
31.0497
31.0497
31.0497
31.0497
31.0497
31.0497
31.0497
31.0497
31.0497
31.0497
31.0497
31.0497
31.0497
31.0497
31.0497
31.0497
31.0497
31.0497
31.0497
31.0497
31.0497
31.0497
31.0497
31.0497
31.0497
31.0497
31.0497
31.0497
31.0497
31.0497
31.0497
31.0497
31.0497
31.0497
31.0497
31.0497
31.0497
31.0497
31.0497
31.0497
31.0497
31.0497
31.0497
31.0497
31.0497
31.0497
31.0497
31.0497
31.0497
31.0497
31.0497
31.0497
31.0497
31.0497
31.0497
31.0497
31.0497
31.0497
31.0497
31.0497
31.0497
31.0497
31.0497
31.0497
31.0497
31.0497
31.0497
31.0497
31.0497
31.0497
31.0497
31.0497
31.0497
31.0497
31.0497
31.0497
31.0497
31.0497
31.0497
31.0497
31.0497
31.0497
31.0497
31.0497
31.0497
31.0497
31.0497
31.0497
31.0497
31.0497
31.0497
31.0497
31.0497
31.0497
31.0497
31.0497
31.0497
31.0497
31.0497
31.0497
31.0497
31.0497
31.0497
31.0497
31.0497
31.0497
31.0497
31.0497
31.0497
31.0497
31.0497
31.0497
31.0497
31.0497
31.0497
31.0497
31.0497
31.0497
31.0497
31.0497
31.0497
31.0497
31.0497
31.0497
31.0497
31.0497
31.0497
31.0497
31.0497
31.0497
31.0497
31.0497
31.0497
31.0497
31.0497
31.0497
31.0497
31.0497
31.0497
31.0497
31.0497
31.0497
31.0497
31.0497
31.0497
31.0497
31.0497
31.0497
31.0497
31.0497
31.0497
31.0497
31.0497
31.0497
31.0497
31.0497
31.0497
31.0497
31.0497
31.0497
31.0497
31.0497
31.0497
31.0497
31.0497
31.0497
31.0497
31.0497
31.0497
31.0497
31.0497
31.0497
31.0497
31.0497
31.0497
31.0497
31.0497
31.0497
31.0497
31.0497
31.0497
31.0497
31.0497
31.0497
31.0497
31.0497
31.0497
31.0497
31.0497
31.0497
31.0497
31.0497
31.0497
31.0497
31.0497
31.0497
31.0497
31.0497
31.0497
31.0497
31.0497
31.0497
31.0497
31.0497
31.0497
31.0497
31.0497
31.0497
31.0497
31.0497
31.0497
31.0497
31.0497
31.0497
31.0497
31.0497
31.0497
31.0497
31.0497
31.0497
31.0497
31.0497
31.0497
31.0497
31.0497
31.0497
31.0497
31.0497
31.0497
31.0497
31.0497
31.0497
31.0497
31.0497
31.0497
31.0497
31.0497
31.0497
31.0497
31.0497
31.0497
31.0497
31.0497
31.0497
31.0497
31.0497
31.0497
31.0497
31.0497
31.0497
31.0497
31.0497
31.0497
31.0497
31.0497
31.0497
31.0497
31.0497
31.0497
31.0497
31.0497
31.0497
31.0497
31.0497
31.0497
31.0497
31.0497
31.0497
31.0497
31.0497
31.0497
31.0497
31.0497
31.0497
31.0497
31.0497
31.0497
31.0497
31.0497
31.0497
31.0497
31.0497
31.0497
31.0497
31.0497
31.0497
31.0497
31.0497
31.0497
31.0497
31.0497
31.0497
31.0497
31.0497
31.0497
31.0497
31.0497
31.0497
31.0497
31.0497
31.0497
31.0497
31.0497
31.0497
31.0497
31.0497
31.0497
31.0497
31.0497
31.0497
31.0497
31.0497
31.0497
31.0497
31.0497
31.0497
31.0497
31.0497
31.0497
31.0497
31.0497
31.0497
31.0497
31.0497
31.0497
31.0497
31.0497
31.0497
31.0497
31.0497
31.0497
31.0497
31.0497
31.0497
31.0497
31.0497
31.0497
31.0497
31.0497
31.0497
31.0497
31.0497
31.0497
31.0497
31.0497
31.0497
31.0497
31.0497
31.0497
31.0497
31.0497
31.0497
31.0497
31.0497
31.0497
31.0497
31.0497
31.0497
31.0497
31.0497
31.0497
31.0497
31.0497
31.0497
31.0497
31.0497
31.0497
31.0497
31.0497
31.0497
31.0497
31.0497
31.0497
31.0497
31.0497
31.0497
31.0497
31.0497
31.0497
31.0497
31.0497
31.0497
31.0497
31.0497
31.0497
31.0497
31.0497
31.0497
31.0497
31.0497
31.0497
31.0497
31.0497
31.0497
31.0497
31.0497
31.0497
31.0497
31.0497
31.0497
31.0497
31.0497
31.0497
31.0497
31.0497
31.0497
31.0497
31.0497
31.0497
31.0497
31.0497
31.0497
31.0497
31.0497
31.0497
31.0497
31.0497
31.0497
31.0497
31.0497
31.0497
31.0497
31.0497
31.0497
31.0497
31.0497
31.0497
31.0497
31.0497
31.0497
31.0497
31.0497
31.0497
31.0497
31.0497
31.0497
31.0497
31.0497
31.0497
31.0497
31.0497
31.0497
31.0497
31.0497
31.0497
31.0497
31.0497
31.0497
31.0497
31.0497
31.0497
31.0497
31.0497
31.0497
31.0497
31.0497
31.0497
31.0497
31.0497
31.0497
31.0497
31.0497
31.0497
31.0497
31.0497
31.0497
31.0497
31.0497
31.0497
31.0497
31.0497
31.0497
31.0497
31.0497
31.0497
31.0497
31.0497
31.0497
31.0497
31.0497
31.0497
31.0497
31.0497
31.0497
31.0497
31.0497
31.0497
31.0497
31.0497
31.0497
31.0497
31.0497
31.0497
31.0497
31.0497
31.0497
31.0497
31.0497
31.0497
31.0497
31.0497
31.0497
31.0497
31.0497
31.0497
31.0497
31.0497
31.0497
31.0497
31.0497
31.0497
31.0497
31.0497
31.0497
31.0497
31.0497
31.0497
31.0497
31.0497
31.0497
31.0497
31.0497
31.0497
31.0497
31.0497
31.0497
31.0497
31.0497
31.0497
31.0497
31.0497
31.0497
31.0497
31.0497
31.0497
31.0497
31.0497
31.0497
31.0497
31.0497
31.0497
31.0497
31.0497
31.0497
31.0497
31.0497
31.0497
31.0497
31.0497
31.0497
31.0497
31.0497
31.0497
31.0497
31.0497
31.0497
31.0497
31.0497
31.0497
31.0497
31.0497
31.0497
31.0497
31.0497
31.0497
31.0497
31.0497
31.0497
31.0497
31.0497
31.0497
31.0497
31.0497
31.0497
31.0497
31.0497
31.0497
31.0497
31.0497
31.0497
31.0497
31.0497
31.0497
31.0497
31.0497
31.0497
31.0497
31.0497
31.0497
31.0497
31.0497
31.0497
31.0497
31.0497
31.0497
31.0497
31.0497
31.0497
31.0497
31.0497
31.0497
31.0497
31.0497
31.0497
31.0497
31.0497
31.0497
31.0497
31.0497
31.0497
31.0497
31.0497
31.0497
31.0497
31.0497
31.0497
31.0497
31.0497
31.0497
31.0497
31.0497
31.0497
31.0497
31.0497
31.0497
31.0497
31.0497
31.0497
31.0497
31.0497
31.0497
31.0497
31.0497
31.0497
31.0497
31.0497
31.0497
31.0497
31.0497
31.0497
31.0497
31.0497
31.0497
31.0497
31.0497
31.0497
31.0497
31.0497
31.0497
31.0497
31.0497
31.0497
31.0497
31.0497
31.0497
31.0497
31.0497
31.0497
31.0497
31.0497
31.0497
31.0497
31.0497
31.0497
31.0497
31.0497
31.0497
31.0497
31.0497
31.0497
31.0497
31.0497
31.0497
31.0497
31.0497
31.0497
31.0497
31.0497
31.0497
31.0497
31.0497
31.0497
31.0497
31.0497
31.0497
31.0497
31.0497
31.0497
31.0497
31.0497
31.0497
31.0497
