0.125
0.0306124
0.0103307
0.00426458
0.00201561
0.00105263
0.000592813
0.000354484
0.000222454
0.000145311
9.81616e-05
6.82439e-05
4.86324e-05
3.5414e-05
2.62824e-05
1.9837e-05
1.51989e-05
1.18037e-05
9.27935e-06
7.37615e-06
5.92278e-06
4.79997e-06
3.92319e-06
3.2318e-06
2.68162e-06
2.24012e-06
1.88305e-06
1.59217e-06
1.35358e-06
1.15664e-06
9.93117e-07
8.56569e-07
7.41945e-07
6.45248e-07
5.63289e-07
4.93512e-07
4.33857e-07
3.8265e-07
3.38529e-07
3.00375e-07
2.67268e-07
2.38445e-07
2.13273e-07
1.91225e-07
1.71856e-07
1.54795e-07
1.39727e-07
1.26386e-07
1.14544e-07
1.0401e-07
9.46172e-08
8.62245e-08
7.87096e-08
7.19672e-08
6.59064e-08
6.0448e-08
5.55233e-08
5.10724e-08
4.7043e-08
4.33892e-08
4.00708e-08
3.70525e-08
3.43029e-08
3.17947e-08
2.95034e-08
2.74075e-08
2.54878e-08
2.37272e-08
2.21107e-08
2.06245e-08
1.92567e-08
1.79963e-08
1.68337e-08
1.57601e-08
1.47676e-08
1.38492e-08
1.29986e-08
1.22099e-08
1.14779e-08
1.0798e-08
1.01659e-08
9.57769e-09
9.02987e-09
8.51924e-09
8.04288e-09
7.59815e-09
7.18261e-09
6.79407e-09
6.43048e-09
6.09001e-09
5.77095e-09
5.47176e-09
5.19099e-09
4.92735e-09
4.67962e-09
4.44669e-09
4.22755e-09
4.02125e-09
3.82691e-09
3.64375e-09
3.47101e-09
3.30801e-09
3.15412e-09
3.00874e-09
2.87134e-09
2.7414e-09
2.61846e-09
2.50208e-09
2.39186e-09
2.28742e-09
2.1884e-09
2.09449e-09
2.00538e-09
1.92078e-09
1.84043e-09
1.76409e-09
1.69151e-09
1.62249e-09
1.55683e-09
1.49433e-09
1.43483e-09
1.37814e-09
1.32412e-09
1.27263e-09
1.22352e-09
1.17667e-09
1.13196e-09
1.08928e-09
1.04851e-09
1.00956e-09
9.7234e-10
9.36753e-10
9.0272e-10
8.70161e-10
8.39002e-10
8.09174e-10
7.8061e-10
7.53249e-10
7.27033e-10
7.01904e-10
6.77812e-10
6.54707e-10
6.32541e-10
6.1127e-10
5.90853e-10
5.7125e-10
5.52423e-10
5.34337e-10
5.16957e-10
5.00252e-10
4.84191e-10
4.68746e-10
4.53889e-10
4.39594e-10
4.25837e-10
4.12594e-10
3.99842e-10
3.87561e-10
3.75731e-10
3.64332e-10
3.53346e-10
3.42755e-10
3.32544e-10
3.22696e-10
3.13196e-10
3.0403e-10
2.95185e-10
2.86647e-10
2.78405e-10
2.70445e-10
2.62758e-10
2.55331e-10
2.48155e-10
2.41221e-10
2.34518e-10
2.28037e-10
2.2177e-10
2.1571e-10
2.09847e-10
2.04175e-10
1.98686e-10
1.93373e-10
1.8823e-10
1.83251e-10
1.78429e-10
1.73759e-10
1.69235e-10
1.64852e-10
1.60605e-10
1.56488e-10
1.52498e-10
1.48629e-10
1.44878e-10
1.4124e-10
1.37711e-10
1.34288e-10
1.30966e-10
1.27743e-10
1.24614e-10
1.21578e-10
1.18629e-10
1.15767e-10
1.12987e-10
1.10286e-10
1.07663e-10
1.05115e-10
1.02639e-10
1.00233e-10
9.78937e-11
9.56201e-11
9.34097e-11
9.12605e-11
8.91704e-11
8.71377e-11
8.51604e-11
8.32368e-11
8.13652e-11
7.95439e-11
7.77715e-11
7.60463e-11
7.4367e-11
7.2732e-11
7.11401e-11
6.95899e-11
6.80801e-11
6.66095e-11
6.5177e-11
6.37813e-11
6.24215e-11
6.10963e-11
5.98049e-11
5.85461e-11
5.7319e-11
5.61228e-11
5.49564e-11
5.38191e-11
5.271e-11
5.16282e-11
5.0573e-11
4.95437e-11
4.85394e-11
4.75596e-11
4.66034e-11
4.56702e-11
4.47594e-11
4.38704e-11
4.30026e-11
4.21553e-11
4.1328e-11
4.05201e-11
3.97312e-11
3.89607e-11
3.8208e-11
3.74728e-11
3.67546e-11
3.60528e-11
3.53671e-11
3.4697e-11
3.40422e-11
3.34021e-11
3.27765e-11
3.21649e-11
3.1567e-11
3.09824e-11
3.04107e-11
2.98518e-11
2.93051e-11
2.87704e-11
2.82474e-11
2.77358e-11
2.72354e-11
2.67457e-11
2.62666e-11
2.57978e-11
2.5339e-11
2.489e-11
2.44505e-11
2.40203e-11
2.35992e-11
2.3187e-11
2.27834e-11
2.23882e-11
2.20012e-11
2.16222e-11
2.12511e-11
2.08876e-11
2.05316e-11
2.01828e-11
1.98412e-11
1.95064e-11
1.91785e-11
1.88571e-11
1.85422e-11
1.82337e-11
1.79312e-11
1.76348e-11
1.73443e-11
1.70595e-11
1.67803e-11
1.65066e-11
1.62382e-11
1.59751e-11
1.57171e-11
1.54641e-11
1.5216e-11
1.49726e-11
1.47339e-11
1.44998e-11
1.42701e-11
1.40448e-11
1.38238e-11
1.3607e-11
1.33942e-11
1.31854e-11
1.29805e-11
1.27794e-11
1.25821e-11
1.23884e-11
1.21983e-11
1.20117e-11
1.18286e-11
1.16487e-11
1.14722e-11
1.12988e-11
1.11287e-11
1.09615e-11
1.07974e-11
1.06363e-11
1.0478e-11
1.03225e-11
1.01698e-11
1.00199e-11
9.87255e-12
9.72783e-12
9.58565e-12
9.44597e-12
9.30873e-12
9.17388e-12
9.04137e-12
8.91116e-12
8.7832e-12
8.65745e-12
8.53385e-12
8.41237e-12
8.29297e-12
8.1756e-12
8.06022e-12
7.9468e-12
7.83529e-12
7.72566e-12
7.61787e-12
7.51188e-12
7.40766e-12
7.30518e-12
7.2044e-12
7.10529e-12
7.00781e-12
6.91194e-12
6.81764e-12
6.72489e-12
6.63365e-12
6.5439e-12
6.4556e-12
6.36873e-12
6.28326e-12
6.19918e-12
6.11644e-12
6.03502e-12
5.95491e-12
5.87607e-12
5.79849e-12
5.72214e-12
5.64699e-12
5.57302e-12
5.50022e-12
5.42856e-12
5.35802e-12
5.28858e-12
5.22022e-12
5.15292e-12
5.08666e-12
5.02143e-12
4.95719e-12
4.89395e-12
4.83167e-12
4.77034e-12
4.70995e-12
4.65047e-12
4.5919e-12
4.53421e-12
4.47739e-12
4.42143e-12
4.3663e-12
4.312e-12
4.25851e-12
4.20582e-12
4.15391e-12
4.10277e-12
4.05238e-12
4.00274e-12
3.95382e-12
3.90562e-12
3.85813e-12
3.81133e-12
3.76522e-12
3.71977e-12
3.67498e-12
3.63084e-12
3.58733e-12
3.54445e-12
3.50218e-12
3.46052e-12
3.41946e-12
3.37897e-12
3.33907e-12
3.29973e-12
3.26094e-12
3.22271e-12
3.18501e-12
3.14784e-12
3.11119e-12
3.07505e-12
3.03941e-12
3.00428e-12
2.96962e-12
2.93545e-12
2.90175e-12
2.86852e-12
2.83574e-12
2.80341e-12
2.77152e-12
2.74007e-12
2.70905e-12
2.67844e-12
2.64826e-12
2.61848e-12
2.5891e-12
2.56012e-12
2.53153e-12
2.50332e-12
2.47548e-12
2.44802e-12
2.42093e-12
2.39419e-12
2.36781e-12
2.34178e-12
2.31609e-12
2.29074e-12
2.26572e-12
2.24103e-12
2.21666e-12
2.19261e-12
2.16887e-12
2.14544e-12
2.12232e-12
2.09949e-12
2.07696e-12
2.05472e-12
2.03276e-12
2.01109e-12
1.98969e-12
1.96857e-12
1.94771e-12
1.92712e-12
1.90679e-12
1.88672e-12
1.8669e-12
1.84733e-12
1.82801e-12
1.80893e-12
1.79009e-12
1.77148e-12
1.75311e-12
1.73496e-12
1.71704e-12
1.69934e-12
1.68186e-12
1.6646e-12
1.64755e-12
1.63071e-12
1.61407e-12
1.59764e-12
1.58141e-12
1.56538e-12
1.54954e-12
1.53389e-12
1.51843e-12
1.50316e-12
1.48808e-12
1.47317e-12
1.45845e-12
1.4439e-12
1.42952e-12
1.41532e-12
1.40128e-12
1.38742e-12
1.37371e-12
1.36017e-12
1.34679e-12
1.33357e-12
1.3205e-12
1.30759e-12
1.29483e-12
1.28221e-12
1.26975e-12
1.25743e-12
1.24525e-12
1.23321e-12
1.22132e-12
1.20956e-12
1.19793e-12
1.18644e-12
1.17509e-12
1.16386e-12
1.15276e-12
1.14179e-12
1.13094e-12
1.12022e-12
1.10962e-12
1.09914e-12
1.08878e-12
1.07853e-12
1.0684e-12
1.05838e-12
1.04848e-12
1.03869e-12
1.02901e-12
1.01943e-12
1.00996e-12
1.0006e-12
9.91343e-13
9.82187e-13
9.73132e-13
9.64177e-13
9.55321e-13
9.46563e-13
9.37901e-13
9.29333e-13
9.2086e-13
9.12478e-13
9.04189e-13
8.95989e-13
8.87879e-13
8.79856e-13
8.7192e-13
8.6407e-13
8.56305e-13
8.48623e-13
8.41023e-13
8.33506e-13
8.26068e-13
8.1871e-13
8.11431e-13
8.04229e-13
7.97103e-13
7.90053e-13
7.83078e-13
7.76176e-13
7.69348e-13
7.62591e-13
7.55905e-13
7.4929e-13
7.42743e-13
7.36265e-13
7.29855e-13
7.23512e-13
7.17234e-13
7.11022e-13
7.04874e-13
6.98789e-13
6.92768e-13
6.86809e-13
6.80911e-13
6.75073e-13
6.69295e-13
6.63577e-13
6.57917e-13
6.52315e-13
6.4677e-13
6.41281e-13
6.35848e-13
6.3047e-13
6.25146e-13
6.19876e-13
6.1466e-13
6.09496e-13
6.04383e-13
5.99322e-13
5.94312e-13
5.89352e-13
5.84441e-13
5.79579e-13
5.74766e-13
5.7e-13
5.65281e-13
5.6061e-13
5.55984e-13
5.51404e-13
5.46869e-13
5.42379e-13
5.37933e-13
5.3353e-13
5.29171e-13
5.24854e-13
5.20579e-13
5.16345e-13
5.12153e-13
5.08002e-13
5.03891e-13
4.99819e-13
4.95787e-13
4.91793e-13
4.87839e-13
4.83922e-13
4.80042e-13
4.762e-13
4.72395e-13
4.68625e-13
4.64892e-13
4.61195e-13
4.57532e-13
4.53904e-13
4.50311e-13
4.46751e-13
4.43225e-13
4.39733e-13
4.36273e-13
4.32845e-13
4.2945e-13
4.26087e-13
4.22755e-13
4.19454e-13
4.16184e-13
4.12944e-13
4.09735e-13
4.06555e-13
4.03405e-13
4.00284e-13
3.97191e-13
3.94127e-13
3.91092e-13
3.88084e-13
3.85104e-13
3.82151e-13
3.79225e-13
3.76326e-13
3.73454e-13
3.70607e-13
3.67786e-13
3.64991e-13
3.62222e-13
3.59477e-13
3.56757e-13
3.54062e-13
3.51391e-13
3.48744e-13
3.46121e-13
3.43521e-13
3.40945e-13
3.38392e-13
3.35861e-13
3.33353e-13
3.30867e-13
3.28404e-13
3.25962e-13
3.23542e-13
3.21143e-13
3.18766e-13
3.16409e-13
3.14074e-13
3.11759e-13
3.09464e-13
3.07189e-13
3.04934e-13
3.02699e-13
3.00484e-13
2.98287e-13
2.9611e-13
2.93952e-13
2.91812e-13
2.89692e-13
2.87589e-13
2.85505e-13
2.83438e-13
2.8139e-13
2.79359e-13
2.77345e-13
2.75349e-13
2.7337e-13
2.71408e-13
2.69462e-13
2.67533e-13
2.65621e-13
2.63725e-13
2.61845e-13
2.59981e-13
2.58132e-13
2.563e-13
2.54483e-13
2.52681e-13
2.50894e-13
2.49122e-13
2.47366e-13
2.45624e-13
2.43896e-13
2.42183e-13
2.40485e-13
2.388e-13
2.3713e-13
2.35473e-13
2.3383e-13
2.32201e-13
2.30585e-13
2.28983e-13
2.27394e-13
2.25818e-13
2.24255e-13
2.22705e-13
2.21167e-13
2.19643e-13
2.1813e-13
2.1663e-13
2.15143e-13
2.13667e-13
2.12204e-13
2.10752e-13
2.09312e-13
2.07884e-13
2.06468e-13
2.05063e-13
2.03669e-13
2.02286e-13
2.00915e-13
1.99555e-13
1.98205e-13
1.96867e-13
1.95539e-13
1.94222e-13
1.92915e-13
1.91619e-13
1.90333e-13
1.89057e-13
1.87792e-13
1.86537e-13
1.85291e-13
1.84055e-13
1.8283e-13
1.81613e-13
1.80407e-13
1.7921e-13
1.78022e-13
1.76844e-13
1.75675e-13
1.74515e-13
1.73364e-13
1.72223e-13
1.7109e-13
1.69966e-13
1.6885e-13
1.67744e-13
1.66646e-13
1.65556e-13
1.64475e-13
1.63402e-13
1.62338e-13
1.61282e-13
1.60234e-13
1.59194e-13
1.58162e-13
1.57138e-13
1.56122e-13
1.55113e-13
1.54113e-13
1.5312e-13
1.52134e-13
1.51156e-13
1.50186e-13
1.49222e-13
1.48267e-13
1.47318e-13
1.46377e-13
1.45442e-13
1.44515e-13
1.43595e-13
1.42682e-13
1.41775e-13
1.40876e-13
1.39983e-13
1.39097e-13
1.38217e-13
1.37344e-13
1.36478e-13
1.35618e-13
1.34764e-13
1.33917e-13
1.33076e-13
1.32242e-13
1.31413e-13
1.30591e-13
1.29775e-13
1.28964e-13
1.2816e-13
1.27362e-13
1.26569e-13
1.25783e-13
1.25002e-13
1.24227e-13
1.23458e-13
1.22694e-13
1.21936e-13
1.21183e-13
1.20436e-13
1.19694e-13
1.18958e-13
1.18227e-13
1.17501e-13
1.16781e-13
1.16065e-13
1.15355e-13
1.1465e-13
1.13951e-13
1.13256e-13
1.12566e-13
1.11881e-13
1.11201e-13
1.10526e-13
1.09856e-13
1.09191e-13
1.0853e-13
1.07874e-13
1.07223e-13
1.06576e-13
1.05934e-13
1.05297e-13
1.04664e-13
1.04035e-13
1.03411e-13
1.02792e-13
1.02177e-13
1.01566e-13
1.00959e-13
1.00357e-13
9.97587e-14
9.91649e-14
9.85752e-14
9.79896e-14
9.74081e-14
9.68307e-14
9.62574e-14
9.5688e-14
9.51226e-14
9.45611e-14
9.40035e-14
9.34498e-14
9.29e-14
9.23539e-14
9.18117e-14
9.12731e-14
9.07383e-14
9.02072e-14
8.96798e-14
8.91559e-14
8.86357e-14
8.81191e-14
8.76059e-14
8.70963e-14
8.65902e-14
8.60876e-14
8.55884e-14
8.50926e-14
8.46001e-14
8.4111e-14
8.36253e-14
8.31428e-14
8.26636e-14
8.21877e-14
8.17149e-14
8.12454e-14
8.07791e-14
8.03158e-14
7.98558e-14
7.93988e-14
7.89448e-14
7.8494e-14
7.80461e-14
7.76013e-14
7.71594e-14
7.67205e-14
7.62845e-14
7.58514e-14
7.54212e-14
7.49939e-14
7.45694e-14
7.41478e-14
7.37289e-14
7.33128e-14
7.28995e-14
7.24889e-14
7.2081e-14
7.16758e-14
7.12733e-14
7.08735e-14
7.04762e-14
7.00816e-14
6.96896e-14
6.93001e-14
6.89132e-14
6.85288e-14
6.8147e-14
6.77676e-14
6.73907e-14
6.70163e-14
6.66443e-14
6.62747e-14
6.59075e-14
6.55427e-14
6.51803e-14
6.48202e-14
6.44625e-14
6.4107e-14
6.37539e-14
6.3403e-14
6.30544e-14
6.27081e-14
6.23639e-14
6.2022e-14
6.16823e-14
6.13448e-14
6.10094e-14
6.06761e-14
6.0345e-14
6.0016e-14
5.96891e-14
5.93643e-14
5.90416e-14
5.87209e-14
5.84022e-14
5.80856e-14
5.7771e-14
5.74583e-14
5.71477e-14
5.6839e-14
5.65322e-14
5.62274e-14
5.59246e-14
5.56236e-14
5.53245e-14
5.50273e-14
5.47319e-14
5.44385e-14
5.41468e-14
5.3857e-14
5.3569e-14
5.32828e-14
5.29983e-14
5.27157e-14
5.24348e-14
5.21556e-14
5.18782e-14
5.16025e-14
5.13285e-14
5.10563e-14
5.07857e-14
5.05167e-14
5.02495e-14
4.99839e-14
4.97199e-14
4.94575e-14
4.91968e-14
4.89377e-14
4.86801e-14
4.84242e-14
4.81698e-14
4.7917e-14
4.76657e-14
4.74159e-14
4.71677e-14
4.6921e-14
4.66758e-14
4.64321e-14
4.61899e-14
4.59491e-14
4.57098e-14
4.5472e-14
4.52356e-14
4.50006e-14
4.47671e-14
4.45349e-14
4.43042e-14
4.40748e-14
4.38469e-14
4.36203e-14
4.33951e-14
4.31712e-14
4.29487e-14
4.27275e-14
4.25076e-14
4.22891e-14
4.20718e-14
4.18559e-14
