8.81967
0.873872
-8.87157
-18.0805
-25.8776
-31.822
-35.7741
-37.8223
-38.1886
-37.1464
-34.9691
-31.9043
-28.1645
-23.9267
-19.336
-14.5096
-9.54197
-4.50861
0.530585
5.52833
10.4477
15.26
19.9436
24.4822
28.8642
33.0814
37.1286
41.0031
44.7039
48.2314
51.5874
54.7744
57.7958
60.6552
63.3567
65.9049
68.3041
70.5591
72.6744
74.6548
76.5048
78.2289
79.8316
81.317
82.6895
83.953
85.1115
86.1686
87.1281
87.9934
88.768
89.4549
90.0574
90.5785
91.0209
91.3876
91.6812
91.9042
92.0591
92.1484
92.1743
92.1389
92.0446
91.8933
91.687
91.4277
91.1172
90.7573
90.3498
89.8964
89.3987
88.8583
88.2767
87.6555
86.996
86.2998
85.568
84.8022
84.0035
83.1732
82.3126
81.4228
80.5049
79.5601
78.5894
77.5939
76.5747
75.5326
74.4688
73.3841
72.2794
71.1556
70.0136
68.8543
67.6784
66.4867
65.2799
64.059
62.8245
61.5772
60.3177
59.0468
57.765
56.473
55.1714
53.8608
52.5418
51.2149
49.8807
48.5396
47.1923
45.8391
44.4807
43.1173
41.7495
40.3778
39.0025
37.624
36.2428
34.8592
33.4736
32.0863
30.6978
29.3083
27.9182
26.5278
25.1373
23.7472
22.3576
20.9689
19.5812
18.195
16.8104
15.4276
14.0469
12.6685
11.2927
9.91958
8.54939
7.18232
5.81858
4.45832
3.10171
1.74892
0.400118
-0.944548
-2.28493
-3.6209
-4.95233
-6.27908
-7.60101
-8.91803
-10.23
-11.5368
-12.8385
-14.1347
-15.4256
-16.7109
-17.9906
-19.2647
-20.5329
-21.7954
-23.0519
-24.3025
-25.5471
-26.7856
-28.0179
-29.2441
-30.464
-31.6777
-32.8851
-34.0861
-35.2808
-36.4691
-37.6509
-38.8262
-39.9951
-41.1574
-42.3133
-43.4626
-44.6054
-45.7416
-46.8712
-47.9943
-49.1107
-50.2206
-51.3239
-52.4206
-53.5107
-54.5943
-55.6713
-56.7417
-57.8056
-58.863
-59.9138
-60.958
-61.9959
-63.0272
-64.052
-65.0704
-66.0824
-67.088
-68.0872
-69.0801
-70.0666
-71.0468
-72.0207
-72.9884
-73.9498
-74.9051
-75.8541
-76.7971
-77.7339
-78.6646
-79.5893
-80.508
-81.4207
-82.3275
-83.2284
-84.1234
-85.0125
-85.8959
-86.7735
-87.6453
-88.5115
-89.372
-90.2269
-91.0762
-91.92
-92.7582
-93.591
-94.4184
-95.2404
-96.0571
-96.8684
-97.6745
-98.4753
-99.271
-100.061
-100.847
-101.627
-102.402
-103.173
-103.938
-104.699
-105.454
-106.205
-106.951
-107.692
-108.429
-109.161
-109.888
-110.611
-111.329
-112.042
-112.752
-113.456
-114.157
-114.853
-115.544
-116.232
-116.915
-117.594
-118.269
-118.939
-119.606
-120.269
-120.927
-121.582
-122.232
-122.879
-123.522
-124.161
-124.797
-125.428
-126.056
-126.68
-127.301
-127.918
-128.531
-129.141
-129.748
-130.35
-130.95
-131.546
-132.139
-132.728
-133.314
-133.897
-134.477
-135.053
-135.626
-136.196
-136.763
-137.327
-137.888
-138.446
-139.001
-139.553
-140.102
-140.648
-141.191
-141.731
-142.269
-142.804
-143.336
-143.865
-144.392
-144.916
-145.437
-145.956
-146.472
-146.985
-147.496
-148.005
-148.511
-149.015
-149.516
-150.015
-150.511
-151.005
-151.497
-151.986
-152.473
-152.958
-153.44
-153.921
-154.399
-154.875
-155.349
-155.82
-156.29
-156.757
-157.223
-157.686
-158.148
-158.607
-159.064
-159.52
-159.973
-160.425
-160.875
-161.322
-161.768
-162.212
-162.655
-163.095
-163.534
-163.97
-164.406
-164.839
-165.27
-165.7
-166.129
-166.555
-166.98
-167.403
-167.825
-168.245
-168.663
-169.08
-169.496
-169.909
-170.322
-170.732
-171.141
-171.549
-171.955
-172.36
-172.763
-173.165
-173.566
-173.965
-174.363
-174.759
-175.154
-175.547
-175.94
-176.331
-176.72
-177.108
-177.495
-177.881
-178.266
-178.649
-179.031
-179.411
-179.791
-180.169
-180.546
-180.922
-181.297
-181.67
-182.043
-182.414
-182.784
-183.153
-183.521
-183.888
-184.253
-184.618
-184.981
-185.344
-185.705
-186.065
-186.424
-186.782
-187.14
-187.496
-187.851
-188.205
-188.558
-188.91
-189.261
-189.611
-189.961
-190.309
-190.656
-191.003
-191.348
-191.692
-192.036
-192.379
-192.72
-193.061
-193.401
-193.74
-194.078
-194.416
-194.752
-195.088
-195.423
-195.757
-196.09
-196.422
-196.753
-197.084
-197.413
-197.742
-198.07
-198.398
-198.724
-199.05
-199.375
-199.699
-200.023
-200.345
-200.667
-200.988
-201.309
-201.628
-201.947
-202.265
-202.583
-202.899
-203.215
-203.53
-203.845
-204.159
-204.472
-204.784
-205.096
-205.407
-205.717
-206.027
-206.335
-206.644
-206.951
-207.258
-207.564
-207.87
-208.175
-208.479
-208.783
-209.085
-209.388
-209.689
-209.99
-210.291
-210.59
-210.89
-211.188
-211.486
-211.783
-212.08
-212.376
-212.671
-212.966
-213.26
-213.554
-213.847
-214.139
-214.431
-214.722
-215.013
-215.303
-215.592
-215.881
-216.17
-216.457
-216.744
-217.031
-217.317
-217.603
-217.887
-218.172
-218.456
-218.739
-219.022
-219.304
-219.585
-219.866
-220.147
-220.427
-220.706
-220.985
-221.263
-221.541
-221.818
-222.095
-222.371
-222.647
-222.922
-223.197
-223.471
-223.745
-224.018
-224.29
-224.563
-224.834
-225.105
-225.376
-225.646
-225.915
-226.184
-226.453
-226.721
-226.989
-227.256
-227.522
-227.788
-228.054
-228.319
-228.584
-228.848
-229.111
-229.374
-229.637
-229.899
-230.161
-230.422
-230.683
-230.943
-231.203
-231.463
-231.722
-231.98
-232.238
-232.495
-232.752
-233.009
-233.265
-233.521
-233.776
-234.031
-234.285
-234.539
-234.792
-235.045
-235.297
-235.549
-235.801
-236.052
-236.303
-236.553
-236.802
-237.052
-237.301
-237.549
-237.797
-238.045
-238.292
-238.538
-238.784
-239.03
-239.276
-239.52
-239.765
-240.009
-240.253
-240.496
-240.738
-240.981
-241.223
-241.464
-241.705
-241.946
-242.186
-242.426
-242.665
-242.904
-243.142
-243.38
-243.618
-243.855
-244.092
-244.328
-244.564
-244.8
-245.035
-245.27
-245.504
-245.738
-245.971
-246.204
-246.437
-246.669
-246.901
-247.133
-247.364
-247.594
-247.825
-248.054
-248.284
-248.513
-248.741
-248.97
-249.197
-249.425
-249.652
-249.878
-250.104
-250.33
-250.556
-250.781
-251.005
-251.229
-251.453
-251.677
-251.9
-252.122
-252.344
-252.566
-252.788
-253.009
-253.229
-253.45
-253.67
-253.889
-254.108
-254.327
-254.545
-254.763
-254.981
-255.198
-255.415
-255.631
-255.847
-256.063
-256.278
-256.493
-256.708
-256.922
-257.135
-257.349
-257.562
-257.774
-257.987
-258.198
-258.41
-258.621
-258.832
-259.042
-259.252
-259.462
-259.671
-259.88
-260.088
-260.296
-260.504
-260.711
-260.918
-261.125
-261.331
-261.537
-261.743
-261.948
-262.153
-262.357
-262.561
-262.765
-262.968
-263.171
-263.374
-263.576
-263.778
-263.979
-264.18
-264.381
-264.581
-264.782
-264.981
-265.181
-265.38
-265.578
-265.776
-265.974
-266.172
-266.369
-266.566
-266.762
-266.958
-267.154
-267.35
-267.545
-267.739
-267.934
-268.128
-268.321
-268.515
-268.708
-268.9
-269.092
-269.284
-269.476
-269.667
-269.858
-270.049
-270.239
-270.428
-270.618
-270.807
-270.996
-271.184
-271.372
-271.56
-271.748
-271.935
-272.121
-272.308
-272.494
-272.679
-272.865
-273.05
-273.234
-273.419
-273.603
-273.786
-273.97
-274.153
-274.335
-274.517
-274.7
-274.881
-275.062
-275.243
-275.424
-275.604
-275.784
-275.964
-276.143
-276.322
-276.501
-276.679
-276.857
-277.035
-277.212
-277.389
-277.566
-277.742
-277.918
-278.094
-278.269
-278.444
-278.619
-278.793
-278.967
-279.141
-279.314
-279.487
-279.66
-279.832
-280.004
-280.176
-280.348
-280.519
-280.69
-280.86
-281.03
-281.2
-281.37
-281.539
-281.708
-281.876
-282.044
-282.212
-282.38
-282.547
-282.714
-282.881
-283.047
-283.213
-283.379
-283.545
-283.71
-283.874
-284.039
-284.203
-284.367
-284.53
-284.694
-284.857
-285.019
-285.182
-285.343
-285.505
-285.667
-285.828
-285.988
-286.149
-286.309
-286.469
-286.628
-286.788
-286.947
-287.105
-287.263
-287.422
-287.579
-287.737
-287.894
-288.051
-288.207
-288.363
-288.519
-288.675
-288.83
-288.985
-289.14
-289.294
-289.448
-289.602
-289.756
-289.909
-290.062
-290.214
-290.367
-290.519
-290.671
-290.822
-290.973
-291.124
-291.275
-291.425
-291.575
-291.725
-291.874
-292.023
-292.172
-292.321
-292.469
-292.617
-292.765
-292.912
-293.059
-293.206
-293.352
-293.499
-293.645
-293.79
-293.936
-294.081
-294.226
-294.37
-294.514
-294.658
-294.802
-294.945
-295.088
-295.231
-295.374
-295.516
-295.658
-295.8
-295.941
-296.083
-296.223
-296.364
-296.504
-296.645
-296.784
-296.924
-297.063
-297.202
-297.341
-297.479
-297.617
-297.755
-297.893
-298.03
-298.167
-298.304
-298.44
-298.577
-298.713
-298.848
-298.984
-299.119
-299.254
-299.388
-299.523
-299.657
-299.79
-299.924
-300.057
-300.19
-300.323
-300.456
-300.588
-300.72
-300.851
-300.983
-301.114
-301.245
-301.375
-301.506
-301.636
-301.766
-301.895
-302.025
-302.154
-302.283
-302.411
-302.54
-302.668
-302.795
-302.923
-303.05
-303.177
-303.304
-303.43
-303.557
-303.683
-303.808
-303.934
-304.059
-304.184
-304.309
-304.433
-304.558
-304.682
-304.805
-304.929
-305.052
-305.175
-305.298
-305.42
-305.542
-305.664
-305.786
-305.908
-306.029
-306.15
-306.271
-306.391
-306.511
-306.631
-306.751
-306.871
-306.99
-307.109
-307.228
-307.346
-307.465
-307.583
-307.7
-307.818
-307.935
-308.053
-308.169
-308.286
-308.402
-308.518
-308.634
-308.75
-308.865
-308.981
-309.096
-309.21
-309.325
-309.439
-309.553
-309.667
-309.78
-309.894
-310.007
-310.12
-310.232
-310.345
-310.457
