8.81967
0.873881
-8.87157
-18.0804
-25.8775
-31.822
-35.774
-37.8223
-38.1885
-37.1463
-34.969
-31.9042
-28.1644
-23.9266
-19.3358
-14.5094
-9.54184
-4.5085
0.530678
5.52843
10.4478
15.2601
19.9437
24.4823
28.8643
33.0815
37.1287
41.0032
44.704
48.2315
51.5875
54.7746
57.7959
60.6553
63.3568
65.905
68.3042
70.5591
72.6745
74.6549
76.5048
78.229
79.8316
81.3171
82.6896
83.9531
85.1115
86.1687
87.1281
87.9935
88.7679
89.4549
90.0574
90.5784
91.0209
91.3876
91.6812
91.9042
92.0591
92.1484
92.1742
92.139
92.0445
91.8932
91.6869
91.4276
91.1171
90.7572
90.3497
89.8963
89.3986
88.8582
88.2766
87.6554
86.9959
86.2996
85.5679
84.802
84.0033
83.1731
82.3125
81.4226
80.5048
79.5599
78.5892
77.5938
76.5745
75.5325
74.4686
73.3839
72.2792
71.1554
70.0134
68.854
67.6781
66.4864
65.2797
64.0587
62.8242
61.5769
60.3174
59.0465
57.7647
56.4727
55.1712
53.8606
52.5415
51.2146
49.8804
48.5394
47.192
45.8388
44.4804
43.117
41.7492
40.3775
39.0022
37.6237
36.2424
34.8589
33.4733
32.086
30.6975
29.308
27.9179
26.5275
25.137
23.7469
22.3573
20.9686
19.581
18.1947
16.8101
15.4273
14.0466
12.6682
11.2924
9.91929
8.54912
7.18205
5.81829
4.45802
3.10143
1.74865
0.399859
-0.944808
-2.2852
-3.62119
-4.95262
-6.27938
-7.60132
-8.91834
-10.2303
-11.5372
-12.8388
-14.135
-15.4259
-16.7112
-17.9909
-19.2649
-20.5332
-21.7956
-23.0522
-24.3027
-25.5473
-26.7858
-28.0182
-29.2443
-30.4643
-31.678
-32.8853
-34.0864
-35.281
-36.4693
-37.6511
-38.8265
-39.9954
-41.1577
-42.3136
-43.4629
-44.6057
-45.7418
-46.8715
-47.9945
-49.111
-50.2209
-51.3242
-52.4209
-53.511
-54.5946
-55.6716
-56.742
-57.8059
-58.8633
-59.9141
-60.9584
-61.9962
-63.0275
-64.0524
-65.0708
-66.0828
-67.0884
-68.0875
-69.0804
-70.0669
-71.047
-72.021
-72.9887
-73.9502
-74.9053
-75.8544
-76.7974
-77.7342
-78.665
-79.5897
-80.5083
-81.421
-82.3278
-83.2286
-84.1236
-85.0128
-85.8962
-86.7737
-87.6456
-88.5118
-89.3722
-90.2271
-91.0764
-91.9202
-92.7585
-93.5913
-94.4187
-95.2407
-96.0573
-96.8686
-97.6747
-98.4756
-99.2712
-100.062
-100.847
-101.627
-102.403
-103.173
-103.939
-104.699
-105.455
-106.205
-106.951
-107.693
-108.429
-109.161
-109.888
-110.611
-111.329
-112.043
-112.752
-113.457
-114.157
-114.853
-115.545
-116.232
-116.915
-117.594
-118.269
-118.94
-119.606
-120.269
-120.928
-121.582
-122.233
-122.88
-123.523
-124.162
-124.797
-125.429
-126.057
-126.681
-127.301
-127.918
-128.532
-129.142
-129.748
-130.351
-130.95
-131.546
-132.139
-132.729
-133.315
-133.898
-134.477
-135.053
-135.627
-136.197
-136.764
-137.327
-137.888
-138.446
-139.001
-139.553
-140.102
-140.648
-141.191
-141.732
-142.269
-142.804
-143.336
-143.866
-144.392
-144.916
-145.438
-145.956
-146.472
-146.986
-147.497
-148.005
-148.511
-149.015
-149.516
-150.015
-150.511
-151.005
-151.497
-151.986
-152.473
-152.958
-153.441
-153.921
-154.399
-154.875
-155.349
-155.821
-156.29
-156.758
-157.223
-157.687
-158.148
-158.608
-159.065
-159.52
-159.974
-160.425
-160.875
-161.323
-161.769
-162.213
-162.655
-163.095
-163.534
-163.971
-164.406
-164.839
-165.271
-165.701
-166.129
-166.556
-166.981
-167.404
-167.825
-168.245
-168.664
-169.081
-169.496
-169.91
-170.322
-170.733
-171.142
-171.55
-171.956
-172.361
-172.764
-173.166
-173.566
-173.965
-174.363
-174.759
-175.154
-175.548
-175.94
-176.331
-176.721
-177.109
-177.496
-177.882
-178.266
-178.649
-179.031
-179.412
-179.791
-180.17
-180.547
-180.923
-181.297
-181.671
-182.043
-182.414
-182.785
-183.154
-183.521
-183.888
-184.254
-184.618
-184.982
-185.344
-185.705
-186.066
-186.425
-186.783
-187.14
-187.496
-187.851
-188.205
-188.559
-188.911
-189.262
-189.612
-189.961
-190.309
-190.657
-191.003
-191.348
-191.693
-192.036
-192.379
-192.721
-193.062
-193.402
-193.741
-194.079
-194.416
-194.753
-195.088
-195.423
-195.757
-196.09
-196.422
-196.754
-197.084
-197.414
-197.743
-198.071
-198.398
-198.725
-199.051
-199.375
-199.7
-200.023
-200.346
-200.668
-200.989
-201.309
-201.629
-201.947
-202.266
-202.583
-202.9
-203.215
-203.531
-203.845
-204.159
-204.472
-204.784
-205.096
-205.407
-205.717
-206.027
-206.336
-206.644
-206.952
-207.259
-207.565
-207.87
-208.175
-208.479
-208.783
-209.086
-209.388
-209.69
-209.991
-210.291
-210.591
-210.89
-211.189
-211.486
-211.784
-212.08
-212.376
-212.672
-212.967
-213.261
-213.554
-213.847
-214.14
-214.432
-214.723
-215.013
-215.303
-215.593
-215.882
-216.17
-216.458
-216.745
-217.031
-217.318
-217.603
-217.888
-218.172
-218.456
-218.739
-219.022
-219.304
-219.586
-219.867
-220.147
-220.427
-220.707
-220.985
-221.264
-221.542
-221.819
-222.096
-222.372
-222.648
-222.923
-223.198
-223.472
-223.745
-224.018
-224.291
-224.563
-224.835
-225.106
-225.376
-225.646
-225.916
-226.185
-226.453
-226.721
-226.989
-227.256
-227.523
-227.789
-228.054
-228.319
-228.584
-228.848
-229.112
-229.375
-229.637
-229.9
-230.162
-230.423
-230.684
-230.944
-231.204
-231.463
-231.722
-231.98
-232.238
-232.496
-232.753
-233.009
-233.266
-233.521
-233.776
-234.031
-234.285
-234.539
-234.792
-235.045
-235.298
-235.55
-235.801
-236.052
-236.303
-236.553
-236.803
-237.052
-237.301
-237.549
-237.797
-238.045
-238.292
-238.539
-238.785
-239.03
-239.276
-239.521
-239.765
-240.009
-240.253
-240.496
-240.739
-240.981
-241.223
-241.464
-241.705
-241.946
-242.186
-242.426
-242.665
-242.904
-243.143
-243.381
-243.619
-243.856
-244.092
-244.329
-244.565
-244.8
-245.035
-245.27
-245.504
-245.738
-245.972
-246.205
-246.437
-246.67
-246.902
-247.133
-247.364
-247.595
-247.825
-248.055
-248.284
-248.513
-248.742
-248.97
-249.198
-249.425
-249.652
-249.879
-250.105
-250.331
-250.556
-250.781
-251.006
-251.23
-251.454
-251.677
-251.9
-252.123
-252.345
-252.567
-252.788
-253.009
-253.23
-253.45
-253.67
-253.889
-254.109
-254.327
-254.546
-254.764
-254.981
-255.198
-255.415
-255.631
-255.848
-256.063
-256.279
-256.493
-256.708
-256.922
-257.136
-257.349
-257.562
-257.775
-257.987
-258.199
-258.41
-258.621
-258.832
-259.042
-259.252
-259.462
-259.671
-259.88
-260.088
-260.297
-260.504
-260.712
-260.919
-261.125
-261.332
-261.537
-261.743
-261.948
-262.153
-262.357
-262.561
-262.765
-262.968
-263.171
-263.374
-263.576
-263.778
-263.979
-264.18
-264.381
-264.582
-264.782
-264.982
-265.181
-265.38
-265.578
-265.777
-265.975
-266.172
-266.369
-266.566
-266.763
-266.959
-267.154
-267.35
-267.545
-267.74
-267.934
-268.128
-268.322
-268.515
-268.708
-268.901
-269.093
-269.285
-269.476
-269.667
-269.858
-270.049
-270.239
-270.429
-270.618
-270.807
-270.996
-271.184
-271.373
-271.56
-271.748
-271.935
-272.122
-272.308
-272.494
-272.68
-272.865
-273.05
-273.235
-273.419
-273.603
-273.787
-273.97
-274.153
-274.336
-274.518
-274.7
-274.881
-275.063
-275.244
-275.424
-275.605
-275.785
-275.964
-276.143
-276.323
-276.501
-276.679
-276.857
-277.035
-277.212
-277.389
-277.566
-277.742
-277.918
-278.094
-278.269
-278.444
-278.619
-278.793
-278.967
-279.141
-279.314
-279.487
-279.66
-279.833
-280.005
-280.176
-280.348
-280.519
-280.69
-280.86
-281.03
-281.2
-281.37
-281.539
-281.708
-281.876
-282.045
-282.213
-282.38
-282.548
-282.715
-282.881
-283.048
-283.214
-283.379
-283.545
-283.71
-283.875
-284.039
-284.203
-284.367
-284.531
-284.694
-284.857
-285.02
-285.182
-285.344
-285.505
-285.667
-285.828
-285.989
-286.149
-286.309
-286.469
-286.629
-286.788
-286.947
-287.105
-287.264
-287.422
-287.58
-287.737
-287.894
-288.051
-288.207
-288.363
-288.519
-288.675
-288.83
-288.985
-289.14
-289.295
-289.449
-289.602
-289.756
-289.909
-290.062
-290.215
-290.367
-290.519
-290.671
-290.822
-290.973
-291.125
-291.275
-291.425
-291.575
-291.725
-291.874
-292.023
-292.172
-292.321
-292.469
-292.617
-292.765
-292.912
-293.059
-293.206
-293.353
-293.499
-293.645
-293.79
-293.936
-294.081
-294.226
-294.37
-294.514
-294.659
-294.802
-294.946
-295.089
-295.232
-295.374
-295.516
-295.658
-295.8
-295.942
-296.083
-296.224
-296.364
-296.505
-296.645
-296.784
-296.924
-297.063
-297.202
-297.341
-297.479
-297.617
-297.755
-297.893
-298.03
-298.167
-298.304
-298.44
-298.577
-298.713
-298.848
-298.984
-299.119
-299.254
-299.388
-299.523
-299.657
-299.791
-299.924
-300.057
-300.191
-300.323
-300.456
-300.588
-300.72
-300.852
-300.983
-301.114
-301.245
-301.376
-301.506
-301.636
-301.766
-301.896
-302.025
-302.154
-302.283
-302.411
-302.54
-302.668
-302.796
-302.923
-303.05
-303.177
-303.304
-303.431
-303.557
-303.683
-303.809
-303.934
-304.059
-304.184
-304.309
-304.434
-304.558
-304.682
-304.805
-304.929
-305.052
-305.175
-305.298
-305.42
-305.543
-305.664
-305.786
-305.908
-306.029
-306.15
-306.271
-306.391
-306.511
-306.632
-306.751
-306.871
-306.99
-307.109
-307.228
-307.347
-307.465
-307.583
-307.701
-307.818
-307.935
-308.053
-308.169
-308.286
-308.402
-308.519
-308.634
-308.75
-308.866
-308.981
-309.096
-309.211
-309.325
-309.439
-309.553
-309.667
-309.781
-309.894
-310.007
-310.12
-310.233
-310.345
-310.457
-310.569
-310.681
-310.792
-310.903
-311.014
-311.125
-311.236
-311.346
-311.456
-311.566
-311.676
-311.785
-311.894
-312.003
-312.112
-312.221
-312.329
-312.437
-312.545
-312.652
-312.76
-312.867
-312.974
-313.08
-313.187
-313.293
-313.399
-313.505
-313.611
-313.716
-313.821
-313.926
-314.031
-314.135
-314.24
-314.344
-314.448
-314.551
-314.655
-314.758
-314.861
-314.964
-315.066
-315.169
-315.271
-315.373
-315.474
-315.576
-315.677
-315.778
-315.879
-315.98
-316.08
-316.18
-316.28
-316.38
-316.48
-316.579
-316.678
-316.777
-316.876
-316.975
-317.073
-317.171
-317.269
-317.367
-317.464
-317.562
-317.659
-317.756
-317.853
-317.949
-318.045
-318.141
-318.237
-318.333
-318.428
-318.524
-318.619
-318.714
-318.808
-318.903
-318.997
-319.091
-319.185
-319.279
-319.372
-319.466
-319.559
-319.652
-319.744
-319.837
-319.929
-320.021
-320.113
-320.205
-320.296
-320.387
-320.479
-320.57
-320.66
-320.751
-320.841
-320.931
-321.021
-321.111
-321.201
-321.29
-321.379
-321.469
-321.557
-321.646
-321.734
-321.822
-321.911
-321.998
-322.086
-322.174
-322.261
-322.348
-322.435
-322.522
-322.608
-322.695
-322.781
-322.867
-322.953
-323.039
-323.124
-323.209
-323.294
-323.379
-323.464
-323.549
-323.633
-323.717
-323.801
-323.885
-323.968
-324.052
-324.136
-324.219
-324.302
-324.384
-324.467
-324.549
-324.632
-324.714
-324.795
-324.877
-324.959
-325.04
-325.121
-325.202
-325.283
-325.364
-325.444
-325.524
-325.604
-325.684
-325.764
-325.844
-325.923
-326.002
-326.081
-326.16
-326.239
-326.318
-326.396
-326.474
-326.552
-326.63
-326.708
-326.785
-326.863
-326.94
-327.017
-327.094
-327.171
-327.247
-327.324
-327.4
-327.476
-327.552
-327.628
-327.703
-327.779
-327.854
-327.929
-328.004
-328.078
-328.153
-328.227
-328.302
-328.376
-328.45
-328.523
-328.597
-328.67
-328.744
-328.817
-328.89
-328.963
-329.035
-329.108
-329.18
-329.252
-329.324
-329.396
-329.468
-329.539
-329.611
-329.682
-329.753
-329.824
-329.895
-329.966
-330.036
-330.106
-330.176
-330.246
-330.316
-330.386
-330.456
-330.525
-330.594
-330.663
-330.732
-330.801
-330.87
-330.938
-331.006
-331.075
-331.142
-331.21
-331.278
-331.346
-331.413
-331.48
-331.548
-331.614
-331.681
-331.748
-331.814
-331.881
-331.947
-332.013
-332.079
-332.145
-332.211
-332.276
-332.342
-332.407
-332.472
-332.537
-332.602
-332.667
-332.731
-332.795
-332.859
-332.924
-332.987
-333.051
-333.115
-333.179
-333.242
-333.305
-333.368
-333.431
-333.494
-333.557
-333.619
-333.682
-333.744
-333.806
-333.868
-333.93
-333.992
-334.053
-334.115
-334.176
-334.237
-334.298
-334.359
-334.42
-334.481
-334.541
-334.601
-334.661
-334.722
-334.782
-334.842
-334.901
-334.961
-335.02
-335.08
-335.139
-335.198
-335.257
-335.315
-335.374
-335.433
-335.491
-335.549
-335.607
-335.665
-335.723
-335.781
-335.839
-335.896
-335.953
-336.011
-336.068
-336.125
-336.182
-336.238
-336.295
-336.351
-336.408
-336.464
-336.52
-336.576
-336.632
-336.687
-336.743
-336.798
-336.854
-336.909
-336.964
-337.019
-337.074
-337.129
-337.183
-337.238
-337.292
-337.346
-337.4
-337.454
-337.508
-337.562
-337.616
-337.669
-337.723
-337.776
-337.829
-337.882
-337.935
-337.988
-338.041
-338.093
-338.145
-338.198
-338.25
-338.302
-338.354
-338.406
-338.458
-338.509
-338.561
-338.612
-338.664
-338.714
-338.766
-338.816
-338.867
-338.918
-338.969
-339.019
-339.069
-339.12
-339.17
-339.22
-339.27
-339.32
-339.369
-339.419
-339.468
-339.517
-339.567
-339.616
-339.665
-339.714
-339.763
-339.811
-339.86
-339.908
-339.957
-340.005
-340.053
-340.101
-340.149
-340.197
-340.244
-340.292
-340.34
-340.387
-340.434
-340.481
-340.529
-340.575
-340.622
-340.669
-340.716
-340.762
-340.809
-340.855
-340.901
-340.947
-340.993
-341.039
-341.085
-341.131
-341.176
-341.222
-341.267
-341.312
-341.358
-341.403
-341.448
-341.493
-341.537
-341.582
-341.627
-341.671
-341.715
-341.76
-341.804
-341.848
-341.892
-341.936
-341.979
-342.023
-342.067
-342.11
-342.153
-342.197
-342.24
-342.283
-342.326
-342.369
-342.412
-342.455
-342.497
-342.539
-342.582
-342.624
-342.666
-342.708
-342.751
-342.792
-342.834
-342.876
-342.918
-342.959
-343.001
-343.042
-343.083
-343.124
-343.166
-343.206
-343.247
-343.288
-343.329
-343.369
-343.41
-343.45
-343.49
-343.531
-343.571
-343.611
-343.651
-343.691
-343.731
-343.77
-343.81
-343.85
-343.889
-343.928
-343.967
-344.006
-344.045
-344.084
-344.123
-344.162
-344.201
-344.239
-344.278
-344.316
-344.355
-344.393
-344.431
-344.469
-344.507
-344.545
-344.583
-344.621
-344.658
-344.696
-344.733
-344.771
-344.808
-344.845
-344.882
-344.919
-344.956
-344.993
-345.03
-345.067
-345.103
-345.14
-345.176
-345.213
-345.249
-345.285
-345.321
-345.357
-345.393
-345.429
-345.465
-345.501
-345.536
-345.572
-345.607
-345.643
-345.678
-345.713
-345.748
-345.784
-345.818
-345.853
-345.888
-345.923
-345.958
-345.992
-346.027
-346.061
-346.096
-346.13
-346.164
-346.198
-346.232
-346.266
-346.3
-346.334
-346.368
-346.401
-346.435
-346.468
-346.502
-346.535
-346.569
-346.601
-346.635
-346.668
-346.701
-346.733
-346.766
-346.799
-346.832
-346.864
-346.897
-346.929
-346.961
-346.993
-347.026
-347.058
-347.09
-347.122
-347.154
-347.186
-347.218
-347.249
-347.281
-347.313
-347.344
-347.375
-347.407
-347.438
-347.469
-347.5
-347.531
-347.562
-347.593
-347.624
-347.655
-347.685
-347.716
-347.746
-347.777
-347.807
-347.837
-347.868
-347.898
-347.928
-347.958
-347.988
-348.018
-348.048
-348.078
-348.107
-348.137
-348.167
-348.196
-348.226
-348.255
-348.284
-348.314
-348.342
-348.371
-348.401
-348.43
-348.458
-348.488
-348.516
-348.545
-348.573
-348.602
-348.631
-348.659
-348.687
-348.716
-348.744
-348.772
-348.8
-348.828
-348.856
-348.884
-348.912
-348.94
-348.967
-348.995
-349.023
-349.05
-349.077
-349.105
-349.132
-349.159
-349.187
-349.214
-349.241
-349.268
-349.295
-349.322
-349.348
-349.375
-349.402
-349.429
-349.456
-349.482
-349.508
-349.534
-349.561
-349.587
-349.613
-349.64
-349.665
-349.692
-349.717
-349.744
-349.77
-349.795
-349.821
-349.847
-349.872
-349.898
-349.923
-349.949
-349.974
-349.999
-350.024
-350.05
-350.075
-350.1
-350.125
-350.15
-350.175
-350.2
-350.224
-350.249
-350.274
-350.298
-350.323
-350.348
-350.372
-350.396
-350.421
-350.445
-350.469
-350.493
-350.517
-350.541
-350.565
-350.589
-350.613
-350.637
-350.661
-350.685
-350.708
-350.732
-350.756
-350.779
-350.802
-350.826
-350.849
-350.872
-350.896
-350.919
-350.942
-350.965
-350.988
-351.011
-351.034
-351.057
-351.079
-351.102
-351.125
-351.147
-351.17
-351.193
-351.215
-351.237
-351.26
-351.282
-351.304
-351.327
-351.349
-351.371
-351.393
-351.415
-351.437
-351.459
-351.481
-351.502
-351.524
-351.546
-351.568
-351.589
-351.611
-351.632
-351.654
-351.675
-351.696
-351.718
-351.739
-351.76
-351.781
-351.803
-351.824
-351.844
-351.866
-351.886
-351.907
-351.928
-351.949
-351.97
-351.99
-352.011
-352.031
-352.052
-352.072
-352.093
-352.113
-352.134
-352.154
-352.174
-352.194
-352.214
-352.235
-352.254
-352.274
-352.294
-352.314
-352.334
-352.354
-352.374
-352.393
-352.413
-352.433
-352.452
-352.472
-352.491
-352.511
-352.53
-352.55
-352.569
-352.588
-352.607
-352.627
-352.646
-352.665
-352.684
-352.703
-352.721
-352.741
-352.759
-352.778
-352.797
-352.816
-352.834
-352.853
-352.872
-352.89
-352.909
-352.927
-352.946
-352.964
-352.982
-353.001
-353.019
-353.037
-353.055
-353.073
-353.091
-353.109
-353.128
-353.146
-353.163
-353.181
-353.199
-353.217
-353.235
-353.252
-353.27
-353.288
-353.305
-353.323
-353.34
-353.358
-353.375
-353.392
-353.41
-353.427
-353.444
-353.462
-353.479
-353.496
-353.513
-353.53
-353.547
-353.564
-353.581
-353.598
-353.615
-353.631
-353.648
-353.665
-353.682
-353.698
-353.715
-353.732
-353.748
-353.765
-353.781
-353.797
-353.814
-353.83
-353.846
-353.863
-353.879
-353.895
-353.911
-353.927
-353.944
-353.96
-353.976
-353.992
-354.007
-354.023
-354.039
-354.055
-354.071
-354.086
-354.102
-354.118
-354.133
-354.149
-354.165
-354.18
-354.195
-354.211
-354.227
-354.242
-354.258
-354.273
-354.288
-354.303
-354.318
-354.333
-354.348
-354.364
-354.379
-354.393
-354.409
-354.424
-354.439
-354.453
-354.468
-354.483
-354.498
-354.512
-354.527
-354.542
-354.557
-354.571
-354.586
-354.6
-354.614
-354.629
-354.644
-354.658
-354.672
-354.687
-354.701
-354.715
-354.729
-354.744
-354.758
-354.772
-354.786
-354.8
-354.814
-354.828
-354.842
-354.856
-354.87
-354.884
-354.897
-354.911
-354.925
-354.939
-354.952
-354.966
-354.98
-354.993
-355.007
-355.02
-355.034
-355.047
-355.061
-355.074
-355.088
-355.101
-355.114
-355.128
-355.141
-355.154
-355.167
-355.18
-355.194
-355.207
-355.22
-355.233
-355.246
-355.259
-355.272
-355.285
-355.297
-355.31
-355.323
-355.336
-355.349
-355.361
-355.374
-355.387
-355.399
-355.412
-355.425
-355.437
-355.45
-355.462
-355.475
-355.487
-355.5
-355.512
-355.524
-355.537
-355.549
-355.561
-355.573
-355.585
-355.598
-355.61
-355.622
-355.634
-355.646
-355.658
-355.67
-355.682
-355.694
-355.706
-355.718
-355.73
-355.742
-355.753
-355.765
-355.777
-355.789
-355.801
-355.812
-355.824
