16.7213
24.818
32.5293
39.6707
45.9802
51.3014
55.6027
58.9531
61.4791
63.3251
64.6273
65.5021
66.0423
66.3198
66.3886
66.2892
66.0512
65.6967
65.2424
64.7005
64.0805
63.3897
62.6338
61.8173
60.9442
60.0176
59.0401
58.0142
56.9419
55.8252
54.6656
53.4649
52.2245
50.9459
49.6302
48.2789
46.8932
45.4741
44.023
42.541
41.0291
39.4885
37.9204
36.3256
34.7055
33.0611
31.3935
29.7038
27.9931
26.2625
24.5133
22.7465
20.9632
19.1648
17.3523
15.5269
13.6898
11.8423
9.98556
8.12076
6.24917
4.37199
2.49046
0.605815
-1.28074
-3.16798
-5.05469
-6.93967
-8.82173
-10.6997
-12.5724
-14.4387
-16.2975
-18.1477
-19.9882
-21.818
-23.636
-25.4413
-27.2328
-29.0097
-30.7712
-32.5162
-34.244
-35.9539
-37.6451
-39.3168
-40.9685
-42.5995
-44.2092
-45.7972
-47.3628
-48.9056
-50.4253
-51.9214
-53.3936
-54.8417
-56.2653
-57.6642
-59.0383
-60.3874
-61.7114
-63.0102
-64.2838
-65.5321
-66.7552
-67.9532
-69.126
-70.2738
-71.3967
-72.4949
-73.5684
-74.6177
-75.6428
-76.6439
-77.6214
-78.5755
-79.5064
-80.4144
-81.3
-82.1633
-83.0048
-83.8246
-84.6233
-85.4011
-86.1584
-86.8956
-87.613
-88.311
-88.99
-89.6504
-90.2924
-90.9166
-91.5233
-92.1129
-92.6856
-93.2421
-93.7825
-94.3072
-94.8167
-95.3113
-95.7914
-96.2572
-96.7093
-97.1478
-97.5732
-97.9859
-98.386
-98.774
-99.1501
-99.5148
-99.8683
-100.211
-100.543
-100.865
-101.176
-101.478
-101.771
-102.054
-102.329
-102.594
-102.852
-103.101
-103.342
-103.576
-103.802
-104.021
-104.233
-104.438
-104.636
-104.828
-105.014
-105.194
-105.368
-105.536
-105.699
-105.857
-106.009
-106.156
-106.299
-106.437
-106.57
-106.699
-106.824
-106.945
-107.062
-107.174
-107.283
-107.389
-107.491
-107.59
-107.685
-107.777
-107.866
-107.952
-108.036
-108.116
-108.194
-108.269
-108.342
-108.412
-108.48
-108.546
-108.61
-108.671
-108.73
-108.788
-108.843
-108.897
-108.948
-108.998
-109.047
-109.093
-109.138
-109.182
-109.224
-109.265
-109.304
-109.342
-109.379
-109.415
-109.449
-109.482
-109.514
-109.545
-109.575
-109.604
-109.632
-109.659
-109.685
-109.71
-109.734
-109.758
-109.78
-109.802
-109.824
-109.844
-109.864
-109.883
-109.902
-109.919
-109.937
-109.953
-109.969
-109.985
-110
-110.014
-110.028
-110.042
-110.055
-110.068
-110.08
-110.092
-110.103
-110.114
-110.125
-110.135
-110.145
-110.155
-110.164
-110.173
-110.181
-110.19
-110.198
-110.206
-110.213
-110.22
-110.228
-110.234
-110.241
-110.247
-110.253
-110.259
-110.265
-110.27
-110.276
-110.281
-110.286
-110.291
-110.295
-110.3
-110.304
-110.308
-110.312
-110.316
-110.32
-110.324
-110.327
-110.331
-110.334
-110.337
-110.34
-110.343
-110.346
-110.349
-110.351
-110.354
-110.356
-110.359
-110.361
-110.363
-110.366
-110.368
-110.37
-110.372
-110.374
-110.375
-110.377
-110.379
-110.381
-110.382
-110.384
-110.385
-110.387
-110.388
-110.389
-110.391
-110.392
-110.393
-110.394
-110.395
-110.396
-110.397
-110.398
-110.399
-110.4
-110.401
-110.402
-110.403
-110.404
-110.405
-110.405
-110.406
-110.407
-110.408
-110.408
-110.409
-110.409
-110.41
-110.411
-110.411
-110.412
-110.412
-110.413
-110.413
-110.414
-110.414
-110.415
-110.415
-110.415
-110.416
-110.416
-110.417
-110.417
-110.417
-110.418
-110.418
-110.418
-110.419
-110.419
-110.419
-110.419
-110.42
-110.42
-110.42
-110.42
-110.421
-110.421
-110.421
-110.421
-110.422
-110.422
-110.422
-110.422
-110.422
-110.422
-110.423
-110.423
-110.423
-110.423
-110.423
-110.423
-110.423
-110.424
-110.424
-110.424
-110.424
-110.424
-110.424
-110.424
-110.424
-110.424
-110.425
-110.425
-110.425
-110.425
-110.425
-110.425
-110.425
-110.425
-110.425
-110.425
-110.425
-110.425
-110.425
-110.426
-110.426
-110.426
-110.426
-110.426
-110.426
-110.426
-110.426
-110.426
-110.426
-110.426
-110.426
-110.426
-110.426
-110.426
-110.426
-110.426
-110.426
-110.426
-110.426
-110.426
-110.426
-110.426
-110.426
-110.426
-110.426
-110.427
-110.427
-110.427
-110.427
-110.427
-110.427
-110.427
-110.427
-110.427
-110.427
-110.427
-110.427
-110.427
-110.427
-110.427
-110.427
-110.427
-110.427
-110.427
-110.427
-110.427
-110.427
-110.427
-110.427
-110.427
-110.427
-110.427
-110.427
-110.427
-110.427
-110.427
-110.427
-110.427
-110.427
-110.427
-110.427
-110.427
-110.427
-110.427
-110.427
-110.427
-110.427
-110.427
-110.427
-110.427
-110.427
-110.427
-110.427
-110.427
-110.427
-110.427
-110.427
-110.427
-110.427
-110.427
-110.427
-110.427
-110.427
-110.427
-110.427
-110.427
-110.427
-110.427
-110.427
-110.427
-110.427
-110.427
-110.427
-110.427
-110.427
-110.427
-110.427
-110.427
-110.427
-110.427
-110.427
-110.427
-110.427
-110.427
-110.427
-110.427
-110.427
-110.427
-110.427
-110.427
-110.427
-110.427
-110.427
-110.427
-110.427
-110.427
-110.427
-110.427
-110.427
-110.427
-110.427
-110.427
-110.427
-110.427
-110.427
-110.427
-110.427
-110.427
-110.427
-110.427
-110.427
-110.427
-110.427
-110.427
-110.427
-110.427
-110.427
-110.427
-110.427
-110.427
-110.427
-110.427
-110.427
-110.427
-110.427
-110.427
-110.427
-110.427
-110.427
-110.427
-110.427
-110.427
-110.427
-110.427
-110.427
-110.427
-110.427
-110.427
-110.427
-110.427
-110.427
-110.427
-110.427
-110.427
-110.427
-110.427
-110.427
-110.427
-110.427
-110.427
-110.427
-110.427
-110.427
-110.427
-110.427
-110.427
-110.427
-110.427
-110.427
-110.427
-110.427
-110.427
-110.427
-110.427
-110.427
-110.427
-110.427
-110.427
-110.427
-110.427
-110.427
-110.427
-110.427
-110.427
-110.427
-110.427
-110.427
-110.427
-110.427
-110.427
-110.427
-110.427
-110.427
-110.427
-110.427
-110.427
-110.427
-110.427
-110.427
-110.427
-110.427
-110.427
-110.427
-110.427
-110.427
-110.427
-110.427
-110.427
-110.427
-110.427
-110.427
-110.427
-110.427
-110.427
-110.427
-110.427
-110.427
-110.427
-110.427
-110.427
-110.427
-110.427
-110.427
-110.427
-110.427
-110.427
-110.427
-110.427
-110.427
-110.427
-110.427
-110.427
-110.427
-110.427
-110.427
-110.427
-110.427
-110.427
-110.427
-110.427
-110.427
-110.427
-110.427
-110.427
-110.427
-110.427
-110.427
-110.427
-110.427
-110.427
-110.427
-110.427
-110.427
-110.427
-110.427
-110.427
-110.427
-110.427
-110.427
-110.427
-110.427
-110.427
-110.427
-110.427
-110.427
-110.427
-110.427
-110.427
-110.427
-110.427
-110.427
-110.427
-110.427
-110.427
-110.427
-110.427
-110.427
-110.427
-110.427
-110.427
-110.427
-110.427
-110.427
-110.427
-110.427
-110.427
-110.427
-110.427
-110.427
-110.427
-110.427
-110.427
-110.427
-110.427
-110.427
-110.427
-110.427
-110.427
-110.427
-110.427
-110.427
-110.427
-110.427
-110.427
-110.427
-110.427
-110.427
-110.427
-110.427
-110.427
-110.427
-110.427
-110.427
-110.427
-110.427
-110.427
-110.427
-110.427
-110.427
-110.427
-110.427
-110.427
-110.427
-110.427
-110.427
-110.427
-110.427
-110.427
-110.427
-110.427
-110.427
-110.427
-110.427
-110.427
-110.427
-110.427
-110.427
-110.427
-110.427
-110.427
-110.427
-110.427
-110.427
-110.427
-110.427
-110.427
-110.427
-110.427
-110.427
-110.427
-110.427
-110.427
-110.427
-110.427
-110.427
-110.427
-110.427
-110.427
-110.427
-110.427
-110.427
-110.427
-110.427
-110.427
-110.427
-110.427
-110.427
-110.427
-110.427
-110.427
-110.427
-110.427
-110.427
-110.427
-110.427
-110.427
-110.427
-110.427
-110.427
-110.427
-110.427
-110.427
-110.427
-110.427
-110.427
-110.427
-110.427
-110.427
-110.427
-110.427
-110.427
-110.427
-110.427
-110.427
-110.427
-110.427
-110.427
-110.427
-110.427
-110.427
-110.427
-110.427
-110.427
-110.427
-110.427
-110.427
-110.427
-110.427
-110.427
-110.427
-110.427
-110.427
-110.427
-110.427
-110.427
-110.427
-110.427
-110.427
-110.427
-110.427
-110.427
-110.427
-110.427
-110.427
-110.427
-110.427
-110.427
-110.427
-110.427
-110.427
-110.427
-110.427
-110.427
-110.427
-110.427
-110.427
-110.427
-110.427
-110.427
-110.427
-110.427
-110.427
-110.427
-110.427
-110.427
-110.427
-110.427
-110.427
-110.427
-110.427
-110.427
-110.427
-110.427
-110.427
-110.427
-110.427
-110.427
-110.427
-110.427
-110.427
-110.427
-110.427
-110.427
-110.427
-110.427
-110.427
-110.427
-110.427
-110.427
-110.427
-110.427
-110.427
-110.427
-110.427
-110.427
-110.427
-110.427
-110.427
-110.427
-110.427
-110.427
-110.427
-110.427
-110.427
-110.427
-110.427
-110.427
-110.427
-110.427
-110.427
-110.427
-110.427
-110.427
-110.427
-110.427
-110.427
-110.427
-110.427
-110.427
-110.427
-110.427
-110.427
-110.427
-110.427
-110.427
-110.427
-110.427
-110.427
-110.427
-110.427
-110.427
-110.427
-110.427
-110.427
-110.427
-110.427
-110.427
-110.427
-110.427
-110.427
-110.427
-110.427
-110.427
-110.427
-110.427
-110.427
-110.427
-110.427
-110.427
-110.427
-110.427
-110.427
-110.427
-110.427
-110.427
-110.427
-110.427
-110.427
-110.427
-110.427
-110.427
-110.427
-110.427
-110.427
-110.427
-110.427
-110.427
-110.427
-110.427
-110.427
-110.427
-110.427
-110.427
-110.427
-110.427
-110.427
-110.427
-110.427
-110.427
-110.427
-110.427
-110.427
-110.427
-110.427
-110.427
-110.427
-110.427
-110.427
-110.427
-110.427
-110.427
-110.427
-110.427
-110.427
-110.427
-110.427
-110.427
-110.427
-110.427
-110.427
-110.427
-110.427
-110.427
-110.427
-110.427
-110.427
-110.427
-110.427
-110.427
-110.427
-110.427
-110.427
-110.427
-110.427
-110.427
-110.427
-110.427
-110.427
-110.427
-110.427
-110.427
-110.427
-110.427
-110.427
-110.427
-110.427
-110.427
-110.427
-110.427
-110.427
-110.427
-110.427
-110.427
-110.427
-110.427
-110.427
-110.427
-110.427
-110.427
-110.427
-110.427
-110.427
-110.427
-110.427
-110.427
-110.427
-110.427
-110.427
-110.427
-110.427
-110.427
-110.427
-110.427
-110.427
-110.427
-110.427
-110.427
-110.427
-110.427
-110.427
-110.427
-110.427
-110.427
-110.427
-110.427
-110.427
-110.427
-110.427
-110.427
-110.427
-110.427
-110.427
-110.427
-110.427
-110.427
-110.427
-110.427
-110.427
-110.427
-110.427
-110.427
-110.427
-110.427
-110.427
-110.427
-110.427
-110.427
-110.427
-110.427
-110.427
-110.427
-110.427
-110.427
-110.427
-110.427
-110.427
-110.427
-110.427
-110.427
-110.427
-110.427
-110.427
-110.427
-110.427
-110.427
-110.427
-110.427
-110.427
-110.427
-110.427
-110.427
-110.427
-110.427
-110.427
-110.427
-110.427
-110.427
-110.427
-110.427
-110.427
-110.427
-110.427
-110.427
-110.427
-110.427
-110.427
-110.427
-110.427
-110.427
-110.427
-110.427
-110.427
-110.427
-110.427
-110.427
-110.427
-110.427
-110.427
-110.427
-110.427
-110.427
-110.427
-110.427
-110.427
-110.427
-110.427
-110.427
-110.427
-110.427
-110.427
-110.427
-110.427
-110.427
-110.427
-110.427
-110.427
-110.427
-110.427
-110.427
-110.427
-110.427
-110.427
-110.427
-110.427
-110.427
-110.427
-110.427
-110.427
-110.427
-110.427
-110.427
-110.427
-110.427
-110.427
-110.427
-110.427
-110.427
-110.427
-110.427
-110.427
-110.427
-110.427
-110.427
-110.427
-110.427
-110.427
-110.427
-110.427
-110.427
-110.427
-110.427
-110.427
-110.427
-110.427
-110.427
-110.427
-110.427
-110.427
-110.427
-110.427
-110.427
-110.427
-110.427
-110.427
-110.427
-110.427
-110.427
-110.427
-110.427
-110.427
-110.427
-110.427
-110.427
-110.427
-110.427
-110.427
-110.427
-110.427
-110.427
-110.427
-110.427
-110.427
-110.427
-110.427
-110.427
-110.427
-110.427
-110.427
-110.427
-110.427
-110.427
-110.427
-110.427
-110.427
-110.427
-110.427
-110.427
-110.427
-110.427
-110.427
-110.427
-110.427
-110.427
-110.427
-110.427
-110.427
-110.427
-110.427
-110.427
-110.427
-110.427
-110.427
-110.427
-110.427
-110.427
-110.427
-110.427
-110.427
-110.427
-110.427
-110.427
-110.427
-110.427
-110.427
-110.427
-110.427
-110.427
-110.427
-110.427
-110.427
-110.427
-110.427
-110.427
-110.427
-110.427
-110.427
-110.427
-110.427
-110.427
-110.427
-110.427
-110.427
-110.427
-110.427
-110.427
-110.427
-110.427
-110.427
-110.427
-110.427
-110.427
-110.427
-110.427
-110.427
-110.427
-110.427
-110.427
-110.427
-110.427
-110.427
-110.427
-110.427
-110.427
-110.427
-110.427
-110.427
-110.427
-110.427
-110.427
-110.427
-110.427
-110.427
-110.427
-110.427
-110.427
-110.427
-110.427
-110.427
-110.427
-110.427
-110.427
-110.427
-110.427
-110.427
-110.427
-110.427
-110.427
-110.427
-110.427
-110.427
-110.427
-110.427
-110.427
-110.427
-110.427
-110.427
-110.427
-110.427
-110.427
-110.427
-110.427
-110.427
-110.427
-110.427
-110.427
-110.427
-110.427
-110.427
-110.427
-110.427
-110.427
-110.427
-110.427
-110.427
-110.427
-110.427
-110.427
-110.427
-110.427
-110.427
-110.427
-110.427
-110.427
-110.427
-110.427
-110.427
-110.427
-110.427
-110.427
-110.427
-110.427
-110.427
-110.427
-110.427
-110.427
-110.427
-110.427
-110.427
-110.427
-110.427
-110.427
-110.427
-110.427
-110.427
-110.427
-110.427
-110.427
-110.427
-110.427
-110.427
-110.427
-110.427
-110.427
-110.427
-110.427
-110.427
-110.427
-110.427
-110.427
-110.427
-110.427
-110.427
-110.427
-110.427
-110.427
-110.427
-110.427
-110.427
-110.427
-110.427
-110.427
-110.427
-110.427
-110.427
-110.427
-110.427
-110.427
-110.427
-110.427
-110.427
-110.427
-110.427
-110.427
-110.427
-110.427
-110.427
-110.427
-110.427
-110.427
-110.427
-110.427
-110.427
-110.427
-110.427
-110.427
-110.427
-110.427
-110.427
-110.427
-110.427
-110.427
-110.427
-110.427
-110.427
-110.427
-110.427
-110.427
-110.427
-110.427
-110.427
-110.427
-110.427
-110.427
-110.427
-110.427
-110.427
-110.427
-110.427
-110.427
-110.427
-110.427
-110.427
-110.427
-110.427
-110.427
-110.427
-110.427
-110.427
-110.427
-110.427
-110.427
-110.427
-110.427
-110.427
-110.427
-110.427
-110.427
-110.427
-110.427
-110.427
-110.427
-110.427
-110.427
-110.427
-110.427
-110.427
-110.427
-110.427
-110.427
-110.427
-110.427
-110.427
-110.427
-110.427
-110.427
-110.427
-110.427
-110.427
-110.427
-110.427
-110.427
-110.427
-110.427
-110.427
-110.427
-110.427
-110.427
-110.427
-110.427
-110.427
-110.427
-110.427
-110.427
-110.427
-110.427
-110.427
-110.427
-110.427
-110.427
-110.427
-110.427
-110.427
-110.427
-110.427
-110.427
-110.427
-110.427
-110.427
-110.427
-110.427
-110.427
-110.427
-110.427
-110.427
-110.427
-110.427
-110.427
-110.427
-110.427
-110.427
-110.427
-110.427
-110.427
-110.427
-110.427
-110.427
-110.427
-110.427
-110.427
-110.427
-110.427
-110.427
-110.427
-110.427
-110.427
-110.427
-110.427
-110.427
-110.427
-110.427
-110.427
-110.427
-110.427
-110.427
-110.427
-110.427
-110.427
-110.427
-110.427
-110.427
-110.427
-110.427
-110.427
-110.427
-110.427
-110.427
-110.427
-110.427
-110.427
-110.427
-110.427
-110.427
-110.427
-110.427
-110.427
-110.427
-110.427
-110.427
-110.427
-110.427
-110.427
-110.427
-110.427
-110.427
-110.427
-110.427
-110.427
-110.427
-110.427
-110.427
-110.427
-110.427
-110.427
-110.427
-110.427
-110.427
-110.427
-110.427
-110.427
-110.427
-110.427
-110.427
-110.427
-110.427
-110.427
-110.427
-110.427
-110.427
-110.427
-110.427
-110.427
-110.427
-110.427
-110.427
-110.427
-110.427
-110.427
-110.427
-110.427
-110.427
-110.427
-110.427
-110.427
-110.427
-110.427
-110.427
-110.427
-110.427
-110.427
-110.427
-110.427
-110.427
-110.427
-110.427
-110.427
-110.427
-110.427
-110.427
-110.427
-110.427
-110.427
-110.427
-110.427
-110.427
-110.427
-110.427
-110.427
-110.427
-110.427
-110.427
-110.427
-110.427
-110.427
-110.427
-110.427
-110.427
-110.427
-110.427
-110.427
-110.427
-110.427
-110.427
-110.427
-110.427
-110.427
-110.427
-110.427
-110.427
-110.427
-110.427
-110.427
-110.427
-110.427
-110.427
-110.427
-110.427
-110.427
-110.427
-110.427
-110.427
-110.427
-110.427
-110.427
-110.427
-110.427
-110.427
-110.427
-110.427
-110.427
-110.427
-110.427
-110.427
-110.427
-110.427
-110.427
-110.427
-110.427
-110.427
-110.427
-110.427
-110.427
-110.427
-110.427
-110.427
-110.427
-110.427
-110.427
-110.427
-110.427
-110.427
-110.427
-110.427
-110.427
-110.427
-110.427
-110.427
-110.427
-110.427
-110.427
-110.427
-110.427
-110.427
-110.427
-110.427
-110.427
-110.427
-110.427
-110.427
-110.427
-110.427
-110.427
-110.427
-110.427
-110.427
-110.427
-110.427
-110.427
-110.427
-110.427
-110.427
-110.427
-110.427
-110.427
-110.427
-110.427
-110.427
-110.427
-110.427
-110.427
-110.427
-110.427
-110.427
-110.427
-110.427
-110.427
-110.427
-110.427
-110.427
-110.427
-110.427
-110.427
-110.427
-110.427
-110.427
-110.427
-110.427
-110.427
-110.427
-110.427
-110.427
-110.427
-110.427
-110.427
-110.427
-110.427
-110.427
-110.427
-110.427
-110.427
-110.427
-110.427
-110.427
-110.427
-110.427
-110.427
-110.427
-110.427
-110.427
-110.427
-110.427
-110.427
-110.427
-110.427
-110.427
-110.427
-110.427
-110.427
-110.427
-110.427
-110.427
-110.427
-110.427
-110.427
-110.427
-110.427
-110.427
-110.427
-110.427
-110.427
-110.427
-110.427
-110.427
-110.427
-110.427
-110.427
-110.427
-110.427
-110.427
-110.427
-110.427
-110.427
-110.427
-110.427
-110.427
-110.427
-110.427
-110.427
-110.427
-110.427
-110.427
-110.427
-110.427
-110.427
-110.427
-110.427
-110.427
-110.427
-110.427
-110.427
-110.427
-110.427
-110.427
-110.427
-110.427
-110.427
-110.427
-110.427
-110.427
-110.427
-110.427
-110.427
-110.427
-110.427
-110.427
-110.427
-110.427
-110.427
-110.427
-110.427
-110.427
-110.427
-110.427
-110.427
-110.427
-110.427
-110.427
-110.427
-110.427
-110.427
-110.427
-110.427
-110.427
-110.427
-110.427
-110.427
-110.427
-110.427
-110.427
-110.427
-110.427
-110.427
-110.427
-110.427
-110.427
-110.427
-110.427
-110.427
-110.427
-110.427
-110.427
-110.427
-110.427
-110.427
-110.427
-110.427
-110.427
-110.427
-110.427
-110.427
-110.427
-110.427
-110.427
-110.427
-110.427
-110.427
-110.427
-110.427
-110.427
-110.427
-110.427
-110.427
-110.427
-110.427
-110.427
-110.427
-110.427
-110.427
-110.427
-110.427
-110.427
-110.427
-110.427
-110.427
-110.427
-110.427
-110.427
-110.427
-110.427
-110.427
-110.427
-110.427
-110.427
-110.427
-110.427
-110.427
-110.427
-110.427
-110.427
-110.427
-110.427
-110.427
-110.427
-110.427
-110.427
-110.427
-110.427
-110.427
-110.427
-110.427
-110.427
-110.427
-110.427
-110.427
-110.427
-110.427
-110.427
-110.427
-110.427
-110.427
-110.427
-110.427
-110.427
-110.427
-110.427
-110.427
-110.427
-110.427
-110.427
-110.427
-110.427
-110.427
-110.427
-110.427
-110.427
-110.427
-110.427
-110.427
-110.427
-110.427
-110.427
-110.427
-110.427
-110.427
-110.427
-110.427
-110.427
-110.427
-110.427
-110.427
-110.427
-110.427
-110.427
-110.427
-110.427
-110.427
